127
1 7 3
10 15 2
1000 21 2
50000 3628800 50
1 1 1
1 1 10000000000000000
100000000000000 1 1
100000000000000 1 10000000000000000
1 2 1
1 2 10000000000000000
100000000000000 100000000000000 1
100000000000000 100000000000000 10000000000000000
100000000000000 2 10000000000000000
1 99999999999973 1
2 2 159564035
3 3 14960015004
5 5 3
7 7 2678772933
11 11 608713377163369
13 13 37113
97 97 288072812223
99999999999973 99999999999973 62647079
9999999999971 9999999999971 1339301027313
99999999977 99999999977 52024457
1 99999999999973 100
50000000000000 99999999999973 1000000
1 70368744177664 1
70368744177664 70368744177664 10000000000000000
256 70368744177664 100
1 68630377364883 1
68630377364883 68630377364883 999
81 68630377364883 50
1 100000000000000 5
6 6 3
15 15 10000000000000000
1 19999999999946 10
1 4572288000 1
4572288000 4572288000 10000000000000000
100 4572288000 5
1000 4572288000 100
67620 4572288000 1000000000000
12882600 12882600 2
1 12882600 2
100 12882600 50
248800 61917364224 7
61917364224 61917364224 3
432 80621568 10
80621568 80621568 10000000000000000
1 716539 5
82 716539 5
10000000 100000000000000 3
100000000000000 12 5
100000000000000 7 10000000000000000
1 6 10000000000000000
6 6 10000000000000000
2 6 10000000000000000
3 6 10000000000000000
1 30 10000000000000000
30 30 10000000000000000
100000000000000 100000000000000 1
1 100000000000000 1
50 100 1
100 100 1
1 100 1
16483 19775390625 5446834194774984
146364496088 96757023244288 629271086229
5660545988 25529870737579 13070317463
35230 68630377364883 7976491
177560571 5485690862243 143494285486981
1543 79058485955855 11731
600737648860 47846720287819 59793055286
373409 5007141440000 2557823471765093
923092 26207920705837 17548103397487
10 38127987424935 61483868
27031 16215606271007 96
159135627109 385205078125 120813020
2475137446 53475746204033 961708401
1807779651 10141533018991 26334826
629165 11105938280448 811857363
657025600 1556396484375 5628420982
11333897648 46832765733 60920
1307543 67820537922111 13124331868
966705020 95367431640625 5408434807550
1127 51544953536524 198014016359
15353 97245219591767 6015841006890215
1465133366 25051779425875 19968318
34973277791 85104370391209 14290675532636
6921385384 96551869079554 919564
1727370 1283144424133 4882290225196
64 44 21
36 23 90
54 38 29
93 13 67
58 31 4
92 98 67
9 87 15
47 93 59
93 51 98
22 80 73
2 267 7696316
266 6 417
146748 126153 126635894
5 4767 80943
824 2084 1648
83 287317 194371
38105 813427 520149
2 37 171498
498 712126 4
86993 43695 708
31770950761564 2458 54271
16524472585 2 78876800116291
46919 3566919290 180407830754579
77270871 622865 9
105690 48515 6542841248380
821468224467 37351 10124
79 132 994174
3146139515481 9 23
97832279543 18 105084366954
11948499804 275218668 9615415479165
13889804331 79164837199872 32853873
5404 32985348833280 56567029853
15721621 68209449369600 2863
4992715 31457280000000 3734028193
1 43293270343680 2138
6295006 39627113103360 614517471890729
6050721 36611236210500 37
1343088 1803886264320 148688857
