92
7
1 2 3 3 4 1 2
5
1 2 3 4 5
4
3 1 2 1
4
2 1 2 1
1
1
2
1 1
3
1 1 1
20
2 3 4 5 6 7 8 9 10 11 12 13 14 1 1 2 3 4 5 1
11
2 3 4 1 2 3 4 1 2 1 1
18
2 3 4 5 6 7 8 9 10 1 2 3 4 5 6 1 1 2
6
1 3 1 2 1 1
1
1
13
6 7 8 1 2 3 4 5 1 1 2 3 4
4
1 2 3 4
16
4 5 6 7 8 9 10 11 12 13 1 2 3 1 2 3
4
1 2 3 1
8
1 2 3 4 5 6 1 1
12
2 3 4 1 1 2 3 4 5 6 1 2
9
1 1 1 2 3 1 2 3 1
16
2 3 4 5 1 1 2 3 4 5 6 1 2 3 4 5
16
1 2 3 4 5 6 7 8 9 10 11 1 2 3 4 5
15
4 5 1 2 3 4 5 6 7 8 9 1 2 3 1
18
2 3 4 5 1 2 3 4 5 6 7 8 9 10 1 1 2 3
18
2 3 4 5 6 7 8 9 10 11 12 13 14 15 16 17 1 1
17
2 3 1 2 3 4 5 6 1 1 2 3 1 2 3 4 5
6
1 2 3 4 5 1
9
1 2 3 4 5 6 7 8 9
18
4 5 6 7 8 9 10 11 12 1 2 3 4 5 1 2 3 1
8
1 2 3 4 5 1 2 1
2
1 2
11
2 3 4 5 6 1 1 2 1 1 1
8
1 2 3 4 1 1 2 1
15
5 6 7 8 9 10 11 12 13 1 2 3 4 1 1
7
1 2 3 4 5 6 7
2
1 1
12
1 2 3 4 5 6 7 1 2 1 2 3
17
1 2 1 2 3 4 5 6 7 8 9 10 11 12 1 2 3
56
2 3 4 5 1 2 3 4 5 6 7 8 9 10 11 12 13 14 15 16 17 18 19 20 1 1 1 2 3 4 5 6 7 8 9 10 11 12 13 14 1 2 3 1 2 3 4 5 6 7 8 9 10 11 12 1
86
3 1 2 6 1 2 3 4 5 6 1 2 3 4 5 5 6 7 8 9 10 11 12 13 14 15 16 17 1 2 3 4 5 6 7 8 9 10 11 12 13 1 2 3 4 5 6 7 8 9 10 11 12 13 14 15 16 17 18 1 2 3 4 5 6 7 8 9 1 2 3 4 4 5 6 7 8 9 10 1 2 3 2 3 1 1
122
5 6 7 8 9 10 11 12 13 14 15 16 17 18 19 1 2 3 4 4 5 6 7 8 9 10 11 1 2 3 4 5 6 7 8 9 10 11 12 13 14 1 2 3 3 4 5 6 7 8 9 10 11 1 2 3 4 5 6 7 8 9 10 11 12 1 2 3 4 5 6 7 8 9 10 11 1 2 3 4 5 6 7 1 2 1 3 4 5 6 7 8 9 10 11 12 13 14 15 16 1 2 3 4 5 6 7 8 9 10 11 12 13 14 1 2 1 2 1 2 3 4
135
4 5 6 7 8 9 10 11 12 13 14 1 2 3 16 17 18 19 1 2 3 4 5 6 7 8 9 10 11 12 13 14 15 10 11 12 13 14 15 16 1 2 3 4 5 6 7 8 9 4 5 6 1 2 3 10 11 12 13 1 2 3 4 5 6 7 8 9 9 10 11 12 13 14 15 16 17 18 19 1 2 3 4 5 6 7 8 8 9 10 11 12 13 14 15 16 17 18 19 1 2 3 4 5 6 7 1 7 8 9 1 2 3 4 5 6 1 1 2 1 2 3 4 5 2 3 1 5 6 7 1 2 3 4 1
184
8 9 10 11 12 13 14 1 2 3 4 5 6 7 8 1 2 3 4 5 6 7 8 9 10 11 12 13 14 15 16 17 1 2 3 4 5 6 7 8 1 2 3 4 5 6 7 2 3 1 8 9 10 11 12 13 14 15 16 1 2 3 4 5 6 7 2 3 4 5 6 1 7 8 1 2 3 4 5 6 6 7 8 1 2 3 4 5 1 6 1 2 3 4 5 1 2 3 4 4 5 6 7 8 1 2 3 4 5 6 7 8 1 2 3 3 4 5 6 7 8 1 2 3 4 5 6 7 8 9 10 11 12 13 1 2 2 3 4 5 6 1 2 3 4 5 6 7 8 9 10 11 12 13 14 15 16 17 18 19 1 2 3 1 2 3 4 1 1 2 3 4 5 6 7 8 9 10 11 12 13 14 15 16
98
9 10 11 12 13 14 15 16 17 18 19 1 2 3 4 5 6 7 8 1 2 2 1 4 5 6 7 8 9 10 11 12 13 14 15 1 2 3 3 4 5 6 7 8 9 1 2 3 4 5 6 7 8 9 10 11 12 13 14 15 16 17 1 2 3 4 5 6 7 8 1 2 1 2 1 2 3 4 5 6 7 8 9 10 11 12 13 14 15 16 17 18 19 20 1 2 1 2
117
2 3 4 5 6 7 8 9 10 11 12 13 14 15 1 2 3 4 5 6 7 8 9 10 11 12 13 14 15 1 2 3 4 5 6 7 8 9 10 11 12 13 14 15 16 1 2 3 4 5 6 7 8 9 10 11 12 13 14 15 16 17 18 1 2 3 4 5 6 7 8 9 10 11 12 13 14 15 16 1 2 3 4 5 6 7 8 1 2 3 4 1 2 3 4 5 6 7 8 9 10 1 2 3 4 5 6 7 8 9 10 11 12 1 1 1 2
165
15 16 17 1 2 3 4 5 6 7 8 9 10 11 12 13 14 1 2 3 4 5 6 7 8 9 10 11 12 13 14 2 3 4 5 6 7 8 9 10 11 12 13 1 12 13 14 1 2 3 4 5 6 7 8 9 10 11 1 12 1 2 3 4 5 6 7 8 9 10 11 12 13 14 15 16 1 2 3 4 5 6 7 8 9 10 11 12 13 14 15 16 17 18 19 20 1 2 3 4 5 6 7 8 9 10 11 8 9 10 11 12 13 14 15 16 1 2 3 4 5 6 7 8 9 10 11 12 13 14 15 16 17 18 1 2 3 4 5 6 7 3 1 2 5 6 1 2 3 4 1 2 3 1 1 2 3 4 5 6 7 8 9 10 11
78
3 4 5 6 7 8 9 10 11 12 13 14 1 2 3 4 5 6 1 2 3 4 5 6 7 8 9 10 11 12 13 14 15 16 17 18 19 20 1 2 2 3 4 5 6 7 1 2 3 4 1 2 3 4 5 6 7 8 9 10 11 12 1 2 3 4 5 6 7 8 9 10 1 1 1 2 3 4
80
5 6 7 1 2 3 4 1 2 3 4 5 1 2 3 4 5 6 1 2 3 4 1 2 3 4 5 6 7 8 9 10 1 2 3 4 4 5 6 7 8 9 10 11 12 1 2 3 2 1 2 3 4 5 6 7 8 9 10 11 12 13 14 1 2 3 4 5 6 7 8 9 1 1 2 3 4 5 6 7
81
2 1 4 5 6 7 8 9 10 11 12 13 14 15 16 17 18 1 2 3 4 5 6 7 8 9 10 11 12 13 14 15 16 1 2 3 4 5 6 7 8 9 10 11 12 13 14 15 16 17 18 1 2 3 3 4 5 6 7 8 9 10 11 12 13 14 15 16 17 18 1 2 1 2 3 4 5 6 7 8 9
91
7 8 9 10 11 12 13 14 1 2 3 4 5 6 6 7 8 9 10 11 12 13 14 1 2 3 4 5 6 1 2 3 4 5 4 5 6 7 8 9 10 11 12 1 2 3 4 5 6 7 8 9 10 11 12 13 14 15 16 17 18 19 20 1 2 3 4 5 6 7 8 9 10 11 12 13 14 15 16 17 18 1 2 3 3 4 1 2 2 1 1
63
2 3 4 5 6 7 8 9 10 11 12 13 14 15 16 17 1 2 3 4 5 6 7 8 9 10 11 12 13 14 15 16 17 18 19 1 1 2 3 4 5 6 7 8 9 10 11 12 13 14 15 16 17 18 19 1 1 2 3 4 5 6 7
86
5 6 7 8 9 10 11 12 13 14 15 16 17 18 19 1 2 3 4 3 4 5 6 7 8 9 10 11 12 13 1 2 1 2 3 4 5 6 7 8 9 10 11 1 2 3 4 5 6 7 8 1 2 3 4 5 6 7 8 9 10 1 2 3 4 5 6 7 8 9 10 11 12 1 1 2 3 4 1 2 3 4 5 6 1 2
66
4 5 6 7 8 1 2 3 4 5 6 7 8 9 10 11 12 13 14 15 16 17 18 19 1 2 3 4 5 6 7 8 9 10 11 12 1 2 3 4 5 6 7 8 9 10 11 12 13 14 15 16 17 1 2 3 4 5 6 1 2 3 2 1 1 2
147
10 11 12 13 1 2 3 4 5 6 7 8 9 3 4 5 6 7 8 9 10 11 12 13 14 15 16 17 18 1 2 2 3 4 5 6 7 8 1 1 2 7 8 9 1 2 3 4 5 6 3 4 5 6 7 8 9 10 11 12 1 2 14 15 16 17 18 19 1 2 3 4 5 6 7 8 9 10 11 12 13 13 1 2 3 4 5 6 7 8 9 10 11 12 1 2 3 4 5 5 1 2 3 4 8 9 10 11 12 13 14 1 2 3 4 5 6 7 2 3 4 5 1 7 8 1 2 3 4 5 6 1 6 7 8 9 10 11 1 2 3 4 5 1 2 1 1
104
1 2 5 6 7 8 9 10 11 12 13 14 15 16 1 2 3 4 4 5 6 7 8 9 10 11 12 1 2 3 4 5 6 7 8 9 1 2 3 4 5 6 7 8 1 2 3 4 5 6 7 8 9 10 11 12 13 14 15 1 2 3 3 4 5 6 7 8 9 10 11 12 13 14 15 16 17 18 19 1 2 3 4 5 6 7 1 2 2 3 4 5 6 7 8 9 10 11 12 13 14 1 1 2
99
3 4 5 6 7 8 9 10 11 12 1 2 1 2 3 4 5 6 7 8 9 10 11 12 13 1 2 3 4 5 6 7 8 9 10 11 12 13 2 3 4 5 1 12 13 1 2 3 4 5 6 7 8 9 10 11 6 1 2 3 4 5 11 12 13 14 15 16 17 18 1 2 3 4 5 6 7 8 9 10 8 9 1 2 3 4 5 6 7 2 3 4 5 6 1 1 1 2 1
132
1 2 3 4 1 2 9 10 11 12 13 14 15 16 17 18 1 2 3 4 5 6 7 8 9 10 11 12 13 14 1 2 3 4 5 6 7 8 9 10 11 12 13 14 15 16 17 18 1 2 3 4 5 6 7 8 1 2 3 4 1 1 2 3 4 5 6 7 1 2 3 4 5 6 2 3 1 5 6 7 8 9 10 11 12 13 14 15 16 17 18 19 20 1 2 3 4 5 6 7 8 9 10 1 2 3 4 5 6 7 8 9 10 11 12 13 14 1 2 3 4 4 5 6 7 1 2 3 3 1 2 1
84
5 6 7 8 1 2 3 4 5 6 7 8 9 10 11 12 13 14 15 16 17 18 19 20 1 2 3 4 2 3 4 5 6 7 8 9 10 11 1 1 2 3 4 5 6 7 1 2 3 1 2 3 4 5 6 7 8 9 10 1 2 3 4 5 6 7 8 9 10 1 2 3 4 5 1 2 3 4 5 6 7 1 1 2
167
6 1 2 3 4 5 1 3 1 2 11 12 13 14 15 16 17 1 2 3 4 5 6 7 8 9 10 1 7 8 9 10 11 12 13 14 15 16 17 18 1 2 3 4 5 6 3 4 5 6 1 2 3 4 5 6 7 8 9 10 11 12 13 14 15 16 1 2 3 4 5 6 7 8 9 10 11 12 13 14 15 16 17 18 1 2 3 4 5 6 7 8 9 10 11 12 13 14 15 16 17 18 1 2 3 4 5 6 7 8 9 10 11 12 13 14 15 16 1 2 3 4 5 6 7 8 9 10 11 12 13 14 15 1 2 3 4 5 6 7 8 9 10 11 1 2 3 4 5 6 7 8 9 10 11 12 13 14 15 16 17 18 19 1 2 1 1
187
6 7 8 9 10 11 12 13 14 15 16 17 18 19 20 1 2 3 4 5 6 7 8 9 10 11 12 13 14 15 1 2 3 4 5 6 7 8 9 10 11 12 13 14 15 16 17 18 19 20 1 2 3 4 5 1 2 3 4 5 4 5 6 7 8 9 10 11 12 13 1 2 3 4 5 6 7 8 9 10 1 2 3 1 2 3 1 2 3 4 5 6 1 2 3 4 5 6 7 8 9 10 11 12 13 14 15 16 17 18 19 20 1 2 3 4 5 6 7 8 1 2 3 4 5 6 7 8 9 10 11 12 13 14 15 16 1 2 3 4 5 6 7 8 9 10 11 12 13 14 15 1 1 2 3 4 5 6 7 8 9 10 1 2 3 4 5 6 7 8 9 10 11 12 13 14 1 2 3 4 5 1 2 3 4 5 1
185
2 3 4 5 6 7 8 9 10 11 1 12 13 14 15 16 17 1 2 3 4 5 6 7 8 9 10 11 2 3 4 5 6 7 1 1 2 3 4 5 6 7 8 9 10 11 12 13 14 15 16 17 1 2 3 4 5 6 7 8 1 2 3 4 5 6 7 8 9 1 2 3 4 5 6 7 8 9 10 11 12 13 14 15 16 17 18 1 2 3 4 5 6 7 8 9 10 11 12 13 14 15 16 17 18 1 2 3 4 5 6 7 7 8 9 10 11 12 13 14 15 1 2 3 4 5 6 7 8 9 10 11 12 13 14 15 16 17 1 2 3 4 5 6 2 1 6 7 8 9 10 11 12 13 14 15 16 1 2 3 4 5 6 7 8 9 10 11 12 13 14 15 16 17 1 2 3 4 5 1 2 3 1 1 1
152
14 15 16 17 18 19 20 1 2 3 4 5 6 7 8 9 10 11 12 13 7 1 2 3 4 5 6 2 3 4 5 6 7 8 9 10 11 12 1 1 2 12 13 14 1 2 3 4 5 6 7 8 9 10 11 3 1 2 11 1 2 3 4 5 6 7 8 9 10 9 10 11 12 13 14 15 1 2 3 4 5 6 7 8 9 10 11 12 13 14 15 16 17 18 19 20 1 2 3 4 5 6 7 8 1 2 3 4 5 6 7 6 7 8 9 10 11 12 13 14 15 16 17 18 1 2 3 4 5 6 7 8 9 10 11 12 1 2 3 4 5 5 6 7 8 9 1 2 3 4 1 1
168
1 2 3 4 5 6 7 8 9 1 2 3 4 5 6 7 8 9 2 3 4 5 6 7 1 3 4 5 6 1 2 3 4 5 6 1 2 9 10 11 12 13 14 15 16 17 18 19 1 2 3 4 5 6 7 8 2 1 1 2 3 7 8 9 10 11 12 13 14 15 16 17 1 2 3 4 5 6 1 2 3 4 5 6 7 8 9 10 11 12 1 2 3 4 5 6 6 7 8 9 10 11 12 1 2 3 4 5 6 7 8 9 10 11 12 13 1 2 3 4 5 5 6 7 8 9 10 11 12 13 14 15 16 1 2 3 4 1 2 3 4 5 6 7 8 9 10 11 12 13 14 15 16 17 18 1 2 3 4 5 6 7 1 2 1 2 3 4
155
10 11 12 13 14 15 1 2 3 4 5 6 7 8 9 9 10 11 12 13 14 15 16 1 2 3 4 5 6 7 8 9 10 11 12 13 1 2 3 4 5 6 7 8 9 10 11 12 13 14 15 16 17 18 1 2 3 4 5 6 7 8 3 1 2 5 6 7 8 1 2 3 4 5 6 7 8 9 10 11 12 13 1 2 3 4 5 6 7 8 1 2 3 4 3 4 5 6 7 8 9 10 11 12 13 14 15 16 17 18 19 1 2 2 3 4 5 6 7 8 1 2 3 4 5 6 7 8 9 10 11 12 13 14 15 16 1 1 1 2 3 4 5 6 7 8 9 10 11 12 13 14 15 16 1
64
1 2 3 4 5 6 7 8 9 5 1 2 3 4 2 1 10 11 12 13 14 15 16 17 18 19 20 1 2 3 4 5 6 7 8 9 8 1 2 3 4 5 6 7 2 3 4 1 3 4 1 2 3 4 5 6 7 8 9 1 2 1 1 1
94
4 5 6 7 8 9 10 11 12 13 14 15 16 17 18 1 2 3 3 4 5 6 7 8 9 10 11 12 1 2 3 4 5 6 1 2 2 3 4 5 6 7 8 9 10 11 12 1 2 3 4 5 6 7 8 9 10 11 12 13 14 15 16 17 18 19 1 2 3 4 5 6 7 8 9 10 11 12 13 1 2 3 4 5 6 7 8 9 10 1 1 2 3 1
129
3 4 5 1 2 8 9 10 11 12 13 14 1 2 3 4 5 6 7 8 9 10 11 12 13 14 15 16 17 1 2 3 4 5 6 7 2 1 8 9 10 11 1 2 3 4 5 6 7 6 7 8 9 10 1 2 3 4 5 6 7 1 2 3 4 5 2 1 6 7 8 9 10 11 1 2 3 4 5 1 2 3 4 2 3 1 5 6 7 8 9 10 11 12 13 14 1 2 3 4 4 5 6 7 8 9 10 11 12 13 14 15 16 17 1 2 3 3 1 2 1 2 3 4 5 6 1 2 3
98
2 3 4 1 6 7 8 9 10 11 12 13 14 15 16 17 18 19 20 1 2 3 4 5 6 7 8 9 10 11 1 2 3 4 5 6 7 8 9 10 11 12 13 14 1 2 3 4 5 4 5 6 7 8 1 2 3 4 5 6 7 8 9 10 11 12 1 2 3 4 5 6 7 8 9 10 11 1 2 3 2 3 4 5 6 7 8 9 10 11 12 1 2 3 1 1 1 2
887
1 2 3 4 5 6 6 1 2 3 4 5 4 1 2 3 3 1 2 11 12 1 2 3 4 5 6 7 8 9 10 7 8 9 10 1 2 3 4 5 6 5 6 1 2 3 4 7 8 1 2 3 4 5 6 7 8 9 10 11 12 13 14 15 16 17 18 19 20 1 2 3 4 5 6 1 8 9 10 11 12 1 2 3 4 5 6 7 6 7 8 9 10 11 12 13 14 15 16 17 18 19 1 2 3 4 5 4 5 6 7 8 1 2 3 1 2 3 2 1 1 2 3 4 3 4 5 6 7 8 9 1 2 11 12 13 14 1 2 3 4 5 6 7 8 9 10 4 5 6 7 1 2 3 3 4 5 6 1 2 1 2 3 4 1 2 3 4 5 6 18 19 1 2 3 4 5 6 7 8 9 10 11 12 13 14 15 16 17 2 3 4 5 6 7 1 17 18 19 20 1 2 3 4 5 6 7 8 9 10 11 12 13 14 15 16 7 8 9 10 11 12 13 14 1 2 3 4 5 6 1 2 3 4 5 6 7 8 9 10 11 12 13 14 15 16 17 14 15 16 17 18 19 1 2 3 4 5 6 7 8 9 10 11 12 13 2 3 4 5 1 11 12 13 14 15 16 17 18 19 20 1 2 3 4 5 6 7 8 9 10 13 14 15 16 17 18 1 2 3 4 5 6 7 8 9 10 11 12 7 8 9 10 11 12 1 2 3 4 5 6 5 6 7 8 9 10 11 12 13 1 2 3 4 9 10 11 1 2 3 4 5 6 7 8 1 4 5 6 7 8 9 1 2 3 5 6 7 8 1 2 3 4 1 2 3 4 5 6 7 7 8 9 10 11 12 13 14 15 16 17 18 19 20 1 2 3 4 5 6 8 9 10 11 12 13 14 15 16 17 18 1 2 3 4 5 6 7 8 9 10 11 12 13 14 15 16 17 18 1 2 3 4 5 6 7 3 4 5 6 7 8 9 10 11 1 2 3 4 5 6 7 8 9 10 1 2 4 5 6 7 8 9 10 11 12 13 14 15 16 17 18 19 1 2 3 3 4 1 2 4 5 6 7 8 9 10 11 12 13 14 15 16 17 18 19 1 2 3 6 7 8 9 10 11 12 13 14 15 16 17 1 2 3 4 5 3 4 5 1 2 8 9 10 11 12 13 14 15 1 2 3 4 5 6 7 5 6 7 8 9 10 11 12 13 14 15 16 17 18 1 2 3 4 3 4 5 6 7 8 9 10 1 2 8 9 10 11 12 13 14 1 2 3 4 5 6 7 5 6 7 8 9 10 11 12 13 14 15 1 2 3 4 4 1 2 3 2 3 4 5 6 7 8 9 1 1 2 3 1 2 3 4 5 6 9 10 1 2 3 4 5 6 7 8 15 16 17 18 19 20 1 2 3 4 5 6 7 8 9 10 11 12 13 14 1 2 4 5 6 7 8 9 10 11 1 2 3 15 16 17 1 2 3 4 5 6 7 8 9 10 11 12 13 14 14 15 16 1 2 3 4 5 6 7 8 9 10 11 12 13 3 4 5 6 7 8 9 10 1 2 13 14 15 16 17 1 2 3 4 5 6 7 8 9 10 11 12 11 12 13 1 2 3 4 5 6 7 8 9 10 10 11 12 13 14 15 16 17 1 2 3 4 5 6 7 8 9 9 10 11 12 13 14 15 16 1 2 3 4 5 6 7 8 9 10 11 12 13 14 15 16 17 18 1 2 3 4 5 6 7 8 9 10 11 12 13 14 15 16 1 2 3 4 5 6 7 8 9 10 11 1 2 3 4 5 6 7 8 8 9 1 2 3 4 5 6 7 8 9 10 11 12 13 14 15 16 1 2 3 4 5 6 7 8 9 1 2 3 4 5 6 7 7 1 2 3 4 5 6 2 1 5 6 7 1 2 3 4 4 5 6 7 1 2 3 3 4 1 2 3 4 5 6 7 8 9 1 2 1 2 3 4 5 6 1 2 3 4 5 6 7 8 1 1 1 2
556
17 18 1 2 3 4 5 6 7 8 9 10 11 12 13 14 15 16 7 8 9 1 2 3 4 5 6 14 15 16 17 18 19 20 1 2 3 4 5 6 7 8 9 10 11 12 13 11 1 2 3 4 5 6 7 8 9 10 2 3 4 5 1 9 1 2 3 4 5 6 7 8 5 6 7 8 9 10 11 1 2 3 4 12 13 1 2 3 4 5 6 7 8 9 10 11 2 3 4 5 6 7 1 5 6 7 8 9 10 11 12 13 14 15 16 17 18 1 2 3 4 4 5 6 7 8 9 10 11 12 13 14 15 16 17 18 19 1 2 3 3 4 5 6 7 8 9 10 11 12 13 14 15 16 17 18 19 20 1 2 3 4 5 6 7 8 9 10 11 12 13 14 15 16 17 18 19 1 2 2 3 4 5 6 7 8 9 10 11 12 13 14 15 16 17 18 19 20 1 4 5 6 7 8 9 10 11 12 13 14 15 16 17 18 1 2 3 3 1 2 2 3 4 5 6 7 8 9 1 20 1 2 3 4 5 6 7 8 9 10 11 12 13 14 15 16 17 18 19 2 1 5 6 1 2 3 4 1 2 3 4 5 6 7 8 5 6 7 8 9 10 11 12 1 2 3 4 13 14 15 16 17 18 1 2 3 4 5 6 7 8 9 10 11 12 13 14 15 16 17 18 19 1 2 3 4 5 6 7 8 9 10 11 12 11 12 13 14 15 16 17 18 1 2 3 4 5 6 7 8 9 10 11 12 13 14 15 16 17 18 19 1 2 3 4 5 6 7 8 9 10 10 11 12 13 14 15 16 17 18 1 2 3 4 5 6 7 8 9 10 11 12 13 14 1 2 3 4 5 6 7 8 9 2 3 4 1 1 2 3 5 6 7 8 9 10 11 12 1 2 3 4 5 6 7 8 9 10 11 12 13 14 15 16 17 1 2 3 4 5 6 7 8 9 10 11 12 13 14 15 16 17 18 19 20 1 2 3 4 5 6 7 1 2 3 4 5 6 7 8 9 1 2 3 4 5 1 2 3 4 3 4 5 6 7 8 9 10 11 12 13 14 15 16 17 1 2 2 3 4 5 6 7 8 9 10 11 12 13 14 15 16 17 18 19 20 1 2 3 4 5 6 7 8 9 10 11 12 13 14 15 16 17 1 1 2 3 1 2 3 4 5 6 7 8 9 10 11 12 13 14 15 16 17 18 19 20 1 2 3 4 5 6 7 8 9 1 2 3 4 5 6 7 8 9 10
695
11 12 13 14 15 16 17 1 2 3 4 5 6 7 8 9 10 6 7 8 9 10 11 12 13 14 1 2 3 4 5 1 1 2 3 4 5 6 3 4 1 2 11 12 1 2 3 4 5 6 7 8 9 10 3 4 5 6 7 8 9 10 11 12 13 14 15 16 17 18 1 2 9 10 11 12 13 14 15 16 1 2 3 4 5 6 7 8 6 1 2 3 4 5 6 7 1 2 3 4 5 8 9 10 11 12 13 1 2 3 4 5 6 7 1 2 3 4 11 12 13 14 15 16 17 1 2 3 4 5 6 7 8 9 10 12 13 14 1 2 3 4 5 6 7 8 9 10 11 3 4 5 6 7 8 9 1 2 3 4 5 6 7 8 9 10 11 12 1 2 9 10 1 2 3 4 5 6 7 8 8 9 10 1 2 3 4 5 6 7 2 3 4 5 6 7 8 9 10 11 12 1 8 9 10 11 12 13 14 15 1 2 3 4 5 6 7 1 1 2 3 4 5 1 2 3 4 5 16 17 18 19 20 1 2 3 4 5 6 7 8 9 10 11 12 13 14 15 6 7 8 9 10 1 2 3 4 5 3 4 5 6 7 8 9 10 11 1 2 13 14 15 16 17 18 19 20 1 2 3 4 5 6 7 8 9 10 11 12 9 10 11 12 1 2 3 4 5 6 7 8 10 11 12 13 14 15 16 17 18 19 1 2 3 4 5 6 7 8 9 9 10 11 12 13 14 15 16 17 18 19 20 1 2 3 4 5 6 7 8 14 1 2 3 4 5 6 7 8 9 10 11 12 13 2 1 3 4 5 6 1 2 3 4 1 2 7 8 9 1 2 3 4 5 6 5 6 7 8 9 10 11 12 13 14 15 16 17 18 19 20 1 2 3 4 11 12 13 1 2 3 4 5 6 7 8 9 10 6 7 8 9 10 11 12 13 14 15 16 17 18 1 2 3 4 5 8 9 10 11 12 13 14 15 1 2 3 4 5 6 7 7 8 1 2 3 4 5 6 1 2 1 2 3 4 7 1 2 3 4 5 6 4 1 2 3 2 1 1 3 4 5 6 7 1 2 15 1 2 3 4 5 6 7 8 9 10 11 12 13 14 14 15 16 17 18 19 20 1 2 3 4 5 6 7 8 9 10 11 12 13 2 3 1 10 11 12 1 2 3 4 5 6 7 8 9 10 11 12 13 14 15 16 17 18 19 1 2 3 4 5 6 7 8 9 9 10 11 12 1 2 3 4 5 6 7 8 8 9 10 11 12 13 14 15 16 1 2 3 4 5 6 7 2 3 1 7 8 9 10 11 12 13 14 1 2 3 4 5 6 1 2 5 6 7 8 9 10 11 1 2 3 4 1 4 5 6 7 8 9 10 11 12 1 2 3 2 3 4 5 6 7 8 9 1 2 3 4 5 6 1 1 2 3 4 5 6 7 1 2 3 4 1 2 3 4 5 6 7 8 9 10 11 12 13 14 15 16 17 18 19 1 2 3 4 5 6 7 8 9 1 2 3 4 5 6 1 2 3 4 1 2 3 4 5 6 7 8 9 10 1 2 3 4 1
724
9 1 2 3 4 5 6 7 8 3 4 5 6 7 8 9 10 11 12 13 14 15 16 17 1 2 6 7 8 9 10 11 12 1 2 3 4 5 7 8 9 1 2 3 4 5 6 7 8 9 10 11 1 2 3 4 5 6 3 4 5 6 7 8 9 10 11 12 13 14 15 1 2 15 16 1 2 3 4 5 6 7 8 9 10 11 12 13 14 15 16 1 2 3 4 5 6 7 8 9 10 11 12 13 14 2 3 4 5 6 7 8 9 1 3 4 1 2 5 6 7 8 9 10 11 12 13 14 1 2 3 4 1 2 2 3 4 5 6 7 8 9 1 6 7 8 1 2 3 4 5 4 5 1 2 3 5 6 7 8 9 10 11 12 13 14 15 16 17 18 19 1 2 3 4 9 10 11 1 2 3 4 5 6 7 8 2 3 4 5 6 7 8 9 10 1 2 3 4 5 6 7 8 1 6 7 8 9 1 2 3 4 5 1 8 9 10 11 1 2 3 4 5 6 7 9 10 11 12 13 14 15 16 1 2 3 4 5 6 7 8 1 2 3 4 5 6 1 17 18 19 20 1 2 3 4 5 6 7 8 9 10 11 12 13 14 15 16 1 2 3 4 5 6 7 8 9 10 11 12 13 14 15 16 17 18 7 8 9 10 11 12 13 14 15 1 2 3 4 5 6 4 5 6 7 8 9 10 11 1 2 3 9 10 11 1 2 3 4 5 6 7 8 1 2 3 4 5 6 7 8 9 10 3 4 5 6 7 8 9 1 2 5 6 7 8 1 2 3 4 7 8 9 10 11 1 2 3 4 5 6 1 2 3 4 5 6 7 2 3 1 1 2 3 4 3 4 5 6 7 8 9 10 11 12 13 1 2 4 5 1 2 3 6 7 8 9 10 11 12 13 14 15 16 17 18 1 2 3 4 5 1 2 3 4 5 6 7 8 9 10 11 10 11 12 13 1 2 3 4 5 6 7 8 9 5 6 7 8 9 1 2 3 4 5 6 7 8 1 2 3 4 1 2 3 4 5 6 7 8 9 3 4 5 6 7 8 9 10 11 12 13 14 15 16 1 2 5 6 7 8 9 10 11 12 1 2 3 4 16 17 18 19 20 1 2 3 4 5 6 7 8 9 10 11 12 13 14 15 3 4 5 6 1 2 15 16 17 18 19 1 2 3 4 5 6 7 8 9 10 11 12 13 14 5 6 7 8 9 1 2 3 4 3 4 5 6 7 8 9 10 11 1 2 13 14 1 2 3 4 5 6 7 8 9 10 11 12 3 1 2 6 1 2 3 4 5 3 1 2 10 11 12 13 14 1 2 3 4 5 6 7 8 9 3 4 5 6 1 2 8 1 2 3 4 5 6 7 7 8 9 10 11 12 13 14 1 2 3 4 5 6 7 8 9 10 11 12 13 14 1 2 3 4 5 6 1 1 6 7 1 2 3 4 5 6 7 8 9 10 11 12 13 14 15 16 17 1 2 3 4 5 6 7 8 9 10 11 12 13 14 1 2 3 4 5 6 7 8 9 10 11 12 13 14 15 1 2 3 4 5 1 2 3 4 5 6 7 8 9 10 1 2 2 3 4 5 6 7 8 9 10 11 12 1 1 1 2 3 4 5 6 7 8
647
7 8 9 10 11 12 1 2 3 4 5 6 4 1 2 3 4 5 6 7 8 9 10 11 12 1 2 3 12 13 14 15 16 17 18 19 20 1 2 3 4 5 6 7 8 9 10 11 3 4 5 6 1 2 6 7 8 9 10 11 12 13 14 15 1 2 3 4 5 11 12 13 14 15 16 17 18 19 1 2 3 4 5 6 7 8 9 10 1 2 1 2 3 4 5 6 7 1 2 10 11 12 13 14 15 16 17 1 2 3 4 5 6 7 8 9 8 9 10 11 12 13 14 15 16 17 18 1 2 3 4 5 6 7 4 1 2 3 5 6 7 8 9 10 11 12 13 1 2 3 4 2 3 4 5 6 7 1 7 8 9 10 11 1 2 3 4 5 6 1 2 3 4 5 6 7 8 9 6 7 8 1 2 3 4 5 15 1 2 3 4 5 6 7 8 9 10 11 12 13 14 1 13 14 15 16 17 1 2 3 4 5 6 7 8 9 10 11 12 10 11 12 13 14 15 16 17 18 19 20 1 2 3 4 5 6 7 8 9 10 1 2 3 4 5 6 7 8 9 2 3 4 1 1 8 9 10 11 1 2 3 4 5 6 7 9 10 1 2 3 4 5 6 7 8 14 15 1 2 3 4 5 6 7 8 9 10 11 12 13 1 2 3 4 5 6 7 8 9 10 11 12 13 1 4 5 6 1 2 3 10 11 12 13 14 15 16 17 18 1 2 3 4 5 6 7 8 9 11 12 13 14 15 16 17 1 2 3 4 5 6 7 8 9 10 1 2 3 4 5 6 7 8 9 4 5 6 1 2 3 13 14 15 1 2 3 4 5 6 7 8 9 10 11 12 13 14 1 2 3 4 5 6 7 8 9 10 11 12 8 9 10 11 12 13 14 15 16 17 18 1 2 3 4 5 6 7 8 9 10 11 12 13 14 15 16 17 18 1 2 3 4 5 6 7 5 6 7 8 9 10 1 2 3 4 1 2 3 5 6 7 8 9 10 11 12 13 14 15 16 17 18 19 1 2 3 4 3 4 1 2 2 3 4 5 6 7 1 2 3 4 5 6 7 8 9 10 11 12 13 14 15 16 17 18 19 1 4 5 6 7 8 9 10 11 12 13 14 15 16 17 1 2 3 1 2 3 4 3 4 5 6 7 8 9 1 2 1 2 3 4 5 6 7 8 9 10 4 5 6 7 8 9 10 11 12 1 2 3 5 6 7 8 9 10 11 1 2 3 4 13 14 15 16 17 18 19 1 2 3 4 5 6 7 8 9 10 11 12 2 3 4 5 6 7 8 9 10 1 6 1 2 3 4 5 3 4 5 6 7 8 9 1 2 12 13 14 15 16 17 18 19 20 1 2 3 4 5 6 7 8 9 10 11 2 3 4 5 6 7 8 9 10 1 2 1 1 2 3 6 7 1 2 3 4 5 1 2 3 4 5 2 3 4 1 1 2
767
1 2 3 4 5 6 7 8 9 10 11 12 13 14 15 14 15 16 1 2 3 4 5 6 7 8 9 10 11 12 13 6 7 8 1 2 3 4 5 1 2 3 4 5 6 7 8 9 6 7 8 1 2 3 4 5 1 2 3 4 5 6 7 4 5 6 7 8 9 10 11 12 13 1 2 3 5 6 7 8 9 10 11 12 13 14 15 16 17 1 2 3 4 3 4 5 1 2 4 5 6 7 8 9 10 11 1 2 3 3 4 5 6 7 8 9 10 11 12 13 14 15 16 1 2 7 1 2 3 4 5 6 5 6 7 8 9 10 11 12 13 14 15 1 2 3 4 7 8 9 1 2 3 4 5 6 6 7 1 2 3 4 5 6 7 8 9 10 11 12 13 14 1 2 3 4 5 10 11 1 2 3 4 5 6 7 8 9 2 3 4 5 6 1 16 1 2 3 4 5 6 7 8 9 10 11 12 13 14 15 15 16 17 1 2 3 4 5 6 7 8 9 10 11 12 13 14 13 14 15 16 17 18 19 1 2 3 4 5 6 7 8 9 10 11 12 5 6 7 8 9 1 2 3 4 2 3 4 5 1 8 1 2 3 4 5 6 7 2 3 4 5 1 2 3 1 4 5 6 7 1 2 3 2 3 4 5 6 7 8 9 10 1 5 6 7 8 9 1 2 3 4 4 5 6 7 8 9 10 11 12 13 14 1 2 3 2 3 4 5 1 2 3 4 5 6 7 8 9 10 11 12 13 14 15 1 1 10 11 12 13 14 15 16 17 18 19 1 2 3 4 5 6 7 8 9 1 2 5 6 1 2 3 4 10 11 12 13 14 15 16 17 18 19 1 2 3 4 5 6 7 8 9 2 1 7 1 2 3 4 5 6 1 2 3 8 9 10 1 2 3 4 5 6 7 2 3 4 5 6 7 8 9 10 11 12 13 1 6 7 8 9 10 11 1 2 3 4 5 1 2 3 4 5 6 7 8 9 3 4 5 6 7 8 9 10 11 12 1 2 3 1 2 3 4 1 2 6 7 8 9 10 11 12 13 14 15 16 17 18 19 20 1 2 3 4 5 2 3 4 1 1 2 3 4 5 8 9 10 11 12 13 14 15 16 17 18 1 2 3 4 5 6 7 5 6 7 1 2 3 4 10 11 12 13 14 15 16 1 2 3 4 5 6 7 8 9 8 9 1 2 3 4 5 6 7 1 2 2 3 4 5 6 7 8 9 10 1 1 2 3 4 5 6 7 8 9 10 5 6 7 8 9 10 11 12 13 14 15 16 1 2 3 4 2 3 4 5 6 7 8 1 4 5 6 7 8 9 10 11 12 13 1 2 3 14 15 16 1 2 3 4 5 6 7 8 9 10 11 12 13 14 15 16 1 2 3 4 5 6 7 8 9 10 11 12 13 4 1 2 3 1 2 3 4 5 6 7 8 9 10 1 2 9 1 2 3 4 5 6 7 8 1 2 3 4 1 2 3 4 5 6 7 8 4 5 1 2 3 1 2 3 4 5 6 7 6 7 8 9 1 2 3 4 5 5 6 7 8 9 10 11 12 13 14 1 2 3 4 5 6 7 8 9 10 11 12 13 14 15 1 2 3 4 4 5 6 7 8 9 10 11 12 13 14 15 16 17 18 1 2 3 4 5 1 2 3 4 5 6 7 8 9 10 11 12 13 14 15 16 17 18 19 1 2 3 4 5 6 7 8 9 1 2 3 1 1
957
14 1 2 3 4 5 6 7 8 9 10 11 12 13 5 1 2 3 4 11 1 2 3 4 5 6 7 8 9 10 5 6 7 8 9 10 1 2 3 4 1 2 3 10 11 12 13 14 15 1 2 3 4 5 6 7 8 9 1 2 3 4 5 6 7 8 9 10 11 12 13 14 15 16 17 6 7 8 9 10 11 12 13 14 15 1 2 3 4 5 9 10 11 12 13 14 1 2 3 4 5 6 7 8 10 11 12 13 14 15 16 17 18 19 20 1 2 3 4 5 6 7 8 9 8 9 10 11 12 13 14 1 2 3 4 5 6 7 15 16 17 1 2 3 4 5 6 7 8 9 10 11 12 13 14 1 2 3 4 5 6 7 8 9 10 11 12 13 14 15 16 10 11 12 13 14 15 16 17 18 19 1 2 3 4 5 6 7 8 9 3 4 5 6 7 8 9 10 11 12 13 14 15 1 2 7 8 1 2 3 4 5 6 11 12 1 2 3 4 5 6 7 8 9 10 5 6 7 8 9 10 11 12 13 14 1 2 3 4 1 2 3 4 5 6 7 8 9 5 6 7 8 9 10 11 12 13 14 15 16 17 18 19 20 1 2 3 4 3 4 5 6 7 8 1 2 9 10 11 12 13 14 15 16 17 1 2 3 4 5 6 7 8 14 1 2 3 4 5 6 7 8 9 10 11 12 13 1 2 3 4 5 6 7 8 4 5 1 2 3 1 2 3 4 5 17 18 19 1 2 3 4 5 6 7 8 9 10 11 12 13 14 15 16 2 1 5 6 1 2 3 4 7 1 2 3 4 5 6 2 3 1 6 7 1 2 3 4 5 5 6 7 8 9 10 11 12 13 1 2 3 4 1 2 3 4 5 6 1 2 3 7 8 9 10 11 12 1 2 3 4 5 6 15 16 1 2 3 4 5 6 7 8 9 10 11 12 13 14 15 16 1 2 3 4 5 6 7 8 9 10 11 12 13 14 7 8 9 10 11 1 2 3 4 5 6 4 5 1 2 3 2 1 8 9 10 11 12 13 14 15 1 2 3 4 5 6 7 6 7 8 9 10 11 12 13 14 15 16 17 1 2 3 4 5 5 6 1 2 3 4 2 3 4 5 6 7 1 9 10 11 12 1 2 3 4 5 6 7 8 1 2 19 1 2 3 4 5 6 7 8 9 10 11 12 13 14 15 16 17 18 3 4 5 6 7 8 9 10 11 12 13 14 15 1 2 2 1 3 4 5 1 2 8 9 10 1 2 3 4 5 6 7 18 19 1 2 3 4 5 6 7 8 9 10 11 12 13 14 15 16 17 1 2 3 4 5 6 7 8 9 10 11 12 1 2 3 4 4 5 6 7 8 9 10 11 12 13 1 2 3 17 1 2 3 4 5 6 7 8 9 10 11 12 13 14 15 16 5 6 1 2 3 4 1 2 3 4 5 6 7 8 2 3 4 5 6 7 8 9 10 11 12 13 14 15 1 2 3 4 5 6 7 8 9 10 11 12 13 14 15 1 17 18 19 20 1 2 3 4 5 6 7 8 9 10 11 12 13 14 15 16 5 1 2 3 4 1 2 3 1 2 1 3 4 1 2 3 1 2 14 15 1 2 3 4 5 6 7 8 9 10 11 12 13 14 15 16 17 18 1 2 3 4 5 6 7 8 9 10 11 12 13 5 6 7 8 1 2 3 4 1 11 12 13 14 15 16 1 2 3 4 5 6 7 8 9 10 11 12 13 14 15 16 17 18 1 2 3 4 5 6 7 8 9 10 1 2 1 1 10 11 12 13 14 15 16 17 18 1 2 3 4 5 6 7 8 9 10 11 12 13 1 2 3 4 5 6 7 8 9 6 1 2 3 4 5 6 7 8 1 2 3 4 5 5 6 7 8 9 10 11 12 13 14 15 16 17 18 19 1 2 3 4 5 6 7 8 9 1 2 3 4 5 6 7 8 9 1 2 3 4 5 6 7 8 9 10 11 12 13 14 15 16 17 18 19 1 2 3 4 5 6 7 8 1 2 3 4 2 1 4 5 6 7 8 9 10 11 12 13 14 15 1 2 3 4 5 6 7 1 2 3 4 5 6 7 8 9 10 11 12 13 14 15 16 17 18 19 20 1 2 3 4 5 1 2 3 1 1 2 3 4 1 2 1 1
704
4 5 6 7 8 9 10 11 12 13 14 15 16 17 18 19 20 1 2 3 2 3 4 5 6 1 7 8 9 10 11 12 13 14 15 16 17 18 1 2 3 4 5 6 7 8 9 1 2 3 4 5 6 1 2 3 4 5 6 7 8 9 10 11 12 13 14 9 10 11 1 2 3 4 5 6 7 8 6 7 8 9 10 11 12 13 14 15 16 17 18 1 2 3 4 5 3 1 2 2 1 2 3 4 5 1 2 3 1 5 6 1 2 3 4 8 9 10 11 1 2 3 4 5 6 7 10 1 2 3 4 5 6 7 8 9 5 1 2 3 4 18 19 20 1 2 3 4 5 6 7 8 9 10 11 12 13 14 15 16 17 18 19 20 1 2 3 4 5 6 7 8 9 10 11 12 13 14 15 16 17 2 3 4 5 6 7 1 7 8 9 10 11 12 13 14 15 1 2 3 4 5 6 3 4 5 6 7 8 1 2 8 9 1 2 3 4 5 6 7 10 11 12 1 2 3 4 5 6 7 8 9 1 2 16 1 2 3 4 5 6 7 8 9 10 11 12 13 14 15 12 13 14 15 16 17 18 19 20 1 2 3 4 5 6 7 8 9 10 11 1 2 3 1 2 3 4 5 6 7 8 9 10 11 12 13 14 15 2 3 4 5 6 7 8 9 10 11 12 13 14 1 1 6 7 8 9 10 11 1 2 3 4 5 14 1 2 3 4 5 6 7 8 9 10 11 12 13 4 1 2 3 7 1 2 3 4 5 6 3 4 5 6 7 8 1 2 3 4 5 6 7 8 9 10 11 1 2 4 5 6 7 1 2 3 1 2 3 4 5 6 2 3 4 5 6 7 1 3 4 5 6 7 8 9 10 1 2 8 9 10 11 12 13 14 15 1 2 3 4 5 6 7 2 1 1 2 3 4 5 6 7 8 2 3 4 5 1 1 2 3 4 5 6 7 8 4 5 6 7 8 9 10 11 12 1 2 3 16 1 2 3 4 5 6 7 8 9 10 11 12 13 14 15 14 15 16 17 18 19 1 2 3 4 5 6 7 8 9 10 11 12 13 13 14 15 1 2 3 4 5 6 7 8 9 10 11 12 10 11 12 13 14 15 16 17 18 19 1 2 3 4 5 6 7 8 9 3 1 2 8 9 10 11 12 13 14 15 16 1 2 3 4 5 6 7 6 7 8 9 10 11 12 13 14 1 2 3 4 5 1 2 3 4 4 5 6 7 8 9 10 11 12 13 14 15 16 17 1 2 3 1 2 3 4 5 6 7 8 9 10 11 12 13 14 15 16 17 18 1 2 3 4 5 6 7 8 9 10 11 12 13 14 15 16 17 18 1 2 3 1 2 3 3 4 5 6 7 8 9 10 11 12 13 14 15 16 17 18 19 20 1 2 3 4 5 6 7 8 9 10 11 12 13 14 15 16 1 2 3 4 5 6 7 8 9 10 11 12 13 14 15 16 17 18 1 2 3 1 2 1 2 2 3 4 5 6 7 8 9 10 11 12 13 14 15 1 2 3 4 5 6 7 8 9 10 11 12 13 1 1 2 3 4 5 6 7 8 9 10 11 12 13 14
757
9 10 11 12 13 14 15 1 2 3 4 5 6 7 8 14 15 16 17 18 19 20 1 2 3 4 5 6 7 8 9 10 11 12 13 9 1 2 3 4 5 6 7 8 4 5 6 7 8 9 10 11 12 13 14 15 16 1 2 3 1 2 3 1 1 2 3 4 5 6 7 8 9 10 11 12 15 16 17 1 2 3 4 5 6 7 8 9 10 11 12 13 14 4 1 2 3 12 13 14 15 16 17 18 1 2 3 4 5 6 7 8 9 10 11 2 3 1 2 3 4 5 6 7 8 9 10 11 1 6 7 8 9 10 11 12 13 1 2 3 4 5 4 5 6 7 8 9 10 11 12 13 1 2 3 7 8 9 1 2 3 4 5 6 9 10 11 12 13 14 15 16 17 1 2 3 4 5 6 7 8 7 8 9 1 2 3 4 5 6 1 2 3 1 2 3 4 5 1 2 3 4 5 6 7 8 9 10 11 12 13 18 19 20 1 2 3 4 5 6 7 8 9 10 11 12 13 14 15 16 17 1 6 7 8 9 10 11 12 13 14 1 2 3 4 5 14 15 16 17 18 19 20 1 2 3 4 5 6 7 8 9 10 11 12 13 11 1 2 3 4 5 6 7 8 9 10 5 6 7 8 9 10 11 12 13 14 1 2 3 4 16 17 1 2 3 4 5 6 7 8 9 10 11 12 13 14 15 3 4 5 6 7 8 9 10 11 12 13 14 1 2 1 2 3 11 12 13 14 15 16 17 18 19 1 2 3 4 5 6 7 8 9 10 1 2 3 4 5 6 7 8 9 10 11 12 13 14 1 5 6 1 2 3 4 10 11 12 13 14 15 16 17 18 19 1 2 3 4 5 6 7 8 9 4 5 1 2 3 14 15 1 2 3 4 5 6 7 8 9 10 11 12 13 3 4 5 6 7 8 9 10 11 12 13 1 2 1 2 3 4 5 6 7 8 9 10 11 12 13 6 7 8 9 10 1 2 3 4 5 7 8 9 10 11 12 13 14 15 16 17 18 19 1 2 3 4 5 6 1 2 3 4 5 6 7 8 9 10 11 12 1 2 3 4 5 6 7 8 9 10 11 12 6 7 8 9 10 11 12 13 14 15 16 17 1 2 3 4 5 3 4 5 6 7 8 9 10 1 2 10 11 12 1 2 3 4 5 6 7 8 9 3 4 5 6 7 8 9 10 11 12 13 14 15 16 17 18 1 2 5 1 2 3 4 7 8 1 2 3 4 5 6 15 16 17 18 19 20 1 2 3 4 5 6 7 8 9 10 11 12 13 14 15 16 1 2 3 4 5 6 7 8 9 10 11 12 13 14 3 1 2 3 1 2 2 1 10 11 12 1 2 3 4 5 6 7 8 9 2 3 4 1 10 11 12 13 14 15 16 1 2 3 4 5 6 7 8 9 9 10 11 12 13 14 15 16 17 18 1 2 3 4 5 6 7 8 1 9 10 1 2 3 4 5 6 7 8 9 10 11 12 13 14 15 16 17 18 19 1 2 3 4 5 6 7 8 1 2 3 4 5 6 7 8 8 9 10 11 12 13 14 15 16 17 1 2 3 4 5 6 7 1 2 3 4 5 6 7 8 9 10 11 12 13 14 15 16 17 1 2 3 2 1 2 3 4 5 6 7 8 9 10 11 1 2 3 4 5 6 7 8 9 10 11 12 13 14 15 16 17 18 1 1 2 3 4
693
5 1 2 3 4 2 3 4 5 6 7 8 9 10 11 12 1 2 3 4 5 6 7 8 9 10 11 12 13 14 15 16 1 9 10 1 2 3 4 5 6 7 8 3 4 5 1 2 6 7 1 2 3 4 5 6 7 1 2 3 4 5 8 9 10 1 2 3 4 5 6 7 2 1 4 5 6 7 8 9 10 11 1 2 3 9 10 11 12 13 14 15 16 17 18 19 1 2 3 4 5 6 7 8 13 14 15 16 17 1 2 3 4 5 6 7 8 9 10 11 12 3 4 5 6 7 8 9 10 11 1 2 5 6 7 8 9 10 11 12 13 14 1 2 3 4 7 8 1 2 3 4 5 6 5 6 7 1 2 3 4 12 13 14 15 16 17 1 2 3 4 5 6 7 8 9 10 11 13 14 15 16 1 2 3 4 5 6 7 8 9 10 11 12 5 6 7 8 9 10 11 12 13 1 2 3 4 9 10 11 12 13 14 15 16 1 2 3 4 5 6 7 8 1 3 4 5 6 7 8 9 1 2 1 5 6 7 8 9 10 11 1 2 3 4 3 1 2 2 3 1 4 5 1 2 3 1 2 3 7 8 9 1 2 3 4 5 6 4 1 2 3 2 3 4 5 6 7 8 9 10 11 12 13 14 15 1 5 6 7 8 9 10 11 12 13 1 2 3 4 14 15 1 2 3 4 5 6 7 8 9 10 11 12 13 2 1 13 14 1 2 3 4 5 6 7 8 9 10 11 12 8 9 10 11 12 13 14 15 16 17 18 19 1 2 3 4 5 6 7 4 5 6 7 8 9 10 11 1 2 3 8 1 2 3 4 5 6 7 1 4 1 2 3 7 8 1 2 3 4 5 6 3 4 5 6 7 8 9 10 11 12 13 14 15 16 17 18 19 1 2 8 9 10 11 12 13 14 1 2 3 4 5 6 7 10 11 12 1 2 3 4 5 6 7 8 9 6 7 1 2 3 4 5 8 9 10 11 12 1 2 3 4 5 6 7 8 9 10 11 1 2 3 4 5 6 7 18 19 20 1 2 3 4 5 6 7 8 9 10 11 12 13 14 15 16 17 18 19 1 2 3 4 5 6 7 8 9 10 11 12 13 14 15 16 17 2 1 9 1 2 3 4 5 6 7 8 2 3 4 1 2 1 4 5 6 7 8 9 10 11 12 13 1 2 3 15 16 17 18 1 2 3 4 5 6 7 8 9 10 11 12 13 14 2 3 4 1 4 5 6 7 8 9 10 1 2 3 3 4 5 6 7 8 9 10 11 1 2 12 13 14 15 16 17 1 2 3 4 5 6 7 8 9 10 11 11 1 2 3 4 5 6 7 8 9 10 5 6 1 2 3 4 9 10 11 12 13 14 15 16 17 18 19 20 1 2 3 4 5 6 7 8 1 2 3 4 5 6 7 8 9 10 11 12 13 14 15 16 1 2 3 4 5 6 1 2 3 4 5 5 6 7 8 9 10 11 12 13 1 2 3 4 4 5 6 7 1 2 3 4 5 6 7 1 2 3 4 5 6 7 1 2 3 1 2 3 4 5 6 1 2 1
44
1 1 1 1 1 1 1 1 1 1 1 1 1 1 1 1 1 1 1 1 1 1 1 1 1 1 1 1 1 1 1 1 1 1 1 1 1 1 1 1 1 1 1 1
39
1 1 1 1 1 1 1 1 1 1 1 1 1 1 1 1 1 1 1 1 1 1 1 1 1 1 1 1 1 1 1 1 1 1 1 1 1 1 1
33
1 1 1 1 1 1 1 1 1 1 1 1 1 1 1 1 1 1 1 1 1 1 1 1 1 1 1 1 1 1 1 1 1
13
1 1 1 1 1 1 1 1 1 1 1 1 1
48
1 1 1 1 1 1 1 1 1 1 1 1 1 1 1 1 1 1 1 1 1 1 1 1 1 1 1 1 1 1 1 1 1 1 1 1 1 1 1 1 1 1 1 1 1 1 1 1
137
1 2 3 4 5 6 7 8 9 10 11 12 13 14 15 16 17 18 19 20 21 22 23 24 25 26 27 28 29 30 31 32 33 34 35 36 37 38 39 40 41 42 43 44 45 46 47 48 49 50 51 52 53 54 55 56 57 58 59 60 61 62 63 64 65 66 67 68 69 70 71 72 73 74 75 76 77 78 79 80 81 82 83 84 85 86 87 88 89 90 91 92 93 94 95 96 97 98 99 100 101 102 103 104 105 106 107 108 109 110 111 112 113 114 115 116 117 118 119 120 121 122 123 124 125 126 127 128 129 130 131 132 133 134 135 136 137
156
1 2 3 4 5 6 7 8 9 10 11 12 13 14 15 16 17 18 19 20 21 22 23 24 25 26 27 28 29 30 31 32 33 34 35 36 37 38 39 40 41 42 43 44 45 46 47 48 49 50 51 52 53 54 55 56 57 58 59 60 61 62 63 64 65 66 67 68 69 70 71 72 73 74 75 76 77 78 79 80 81 82 83 84 85 86 87 88 89 90 91 92 93 94 95 96 97 98 99 100 101 102 103 104 105 106 107 108 109 110 111 112 113 114 115 116 117 118 119 120 121 122 123 124 125 126 127 128 129 130 131 132 133 134 135 136 137 138 139 140 141 142 143 144 145 146 147 148 149 150 151 152 153 154 155 156
145
1 2 3 4 5 6 7 8 9 10 11 12 13 14 15 16 17 18 19 20 21 22 23 24 25 26 27 28 29 30 31 32 33 34 35 36 37 38 39 40 41 42 43 44 45 46 47 48 49 50 51 52 53 54 55 56 57 58 59 60 61 62 63 64 65 66 67 68 69 70 71 72 73 74 75 76 77 78 79 80 81 82 83 84 85 86 87 88 89 90 91 92 93 94 95 96 97 98 99 100 101 102 103 104 105 106 107 108 109 110 111 112 113 114 115 116 117 118 119 120 121 122 123 124 125 126 127 128 129 130 131 132 133 134 135 136 137 138 139 140 141 142 143 144 145
178
1 2 3 4 5 6 7 8 9 10 11 12 13 14 15 16 17 18 19 20 21 22 23 24 25 26 27 28 29 30 31 32 33 34 35 36 37 38 39 40 41 42 43 44 45 46 47 48 49 50 51 52 53 54 55 56 57 58 59 60 61 62 63 64 65 66 67 68 69 70 71 72 73 74 75 76 77 78 79 80 81 82 83 84 85 86 87 88 89 90 91 92 93 94 95 96 97 98 99 100 101 102 103 104 105 106 107 108 109 110 111 112 113 114 115 116 117 118 119 120 121 122 123 124 125 126 127 128 129 130 131 132 133 134 135 136 137 138 139 140 141 142 143 144 145 146 147 148 149 150 151 152 153 154 155 156 157 158 159 160 161 162 163 164 165 166 167 168 169 170 171 172 173 174 175 176 177 178
68
1 2 3 4 5 6 7 8 9 10 11 12 13 14 15 16 17 18 19 20 21 22 23 24 25 26 27 28 29 30 31 32 33 34 35 36 37 38 39 40 41 42 43 44 45 46 47 48 49 50 51 52 53 54 55 56 57 58 59 60 61 62 63 64 65 66 67 68
130
107 108 109 110 111 112 113 114 115 116 117 118 119 120 121 122 123 124 125 126 127 128 129 130 1 2 3 4 5 6 7 8 9 10 11 12 13 14 15 16 17 18 19 20 21 22 23 24 25 26 27 28 29 30 31 32 33 34 35 36 37 38 39 40 41 42 43 44 45 46 47 48 49 50 51 52 53 54 55 56 57 58 59 60 61 62 63 64 65 66 67 68 69 70 71 72 73 74 75 76 77 78 79 80 81 82 83 84 85 86 87 88 89 90 91 92 93 94 95 96 97 98 99 100 101 102 103 104 105 106
141
10 11 12 13 14 15 16 17 18 19 20 21 22 23 24 25 26 27 28 29 30 31 32 33 34 35 36 37 38 39 40 41 42 43 44 45 46 47 48 49 50 51 52 53 54 55 56 57 58 59 60 61 62 63 64 65 66 67 68 69 70 71 72 73 74 75 76 77 78 79 80 81 82 83 84 85 86 87 88 89 90 91 92 93 94 95 96 97 98 99 100 101 102 103 104 105 106 107 108 109 110 111 112 113 114 115 116 117 118 119 120 121 122 123 124 125 126 127 128 129 130 131 132 133 134 135 136 137 138 139 140 141 1 2 3 4 5 6 7 8 9
99
23 24 25 26 27 28 29 30 31 32 33 34 35 36 37 38 39 40 41 42 43 44 45 46 47 48 49 50 51 52 53 54 55 56 57 58 59 60 61 62 63 64 65 66 67 68 69 70 71 72 73 74 75 76 77 78 79 80 81 82 83 84 85 86 87 88 89 90 91 92 93 94 95 96 97 98 99 1 2 3 4 5 6 7 8 9 10 11 12 13 14 15 16 17 18 19 20 21 22
122
117 118 119 120 121 122 1 2 3 4 5 6 7 8 9 10 11 12 13 14 15 16 17 18 19 20 21 22 23 24 25 26 27 28 29 30 31 32 33 34 35 36 37 38 39 40 41 42 43 44 45 46 47 48 49 50 51 52 53 54 55 56 57 58 59 60 61 62 63 64 65 66 67 68 69 70 71 72 73 74 75 76 77 78 79 80 81 82 83 84 85 86 87 88 89 90 91 92 93 94 95 96 97 98 99 100 101 102 103 104 105 106 107 108 109 110 111 112 113 114 115 116
63
16 17 18 19 20 21 22 23 24 25 26 27 28 29 30 31 32 33 34 35 36 37 38 39 40 41 42 43 44 45 46 47 48 49 50 51 52 53 54 55 56 57 58 59 60 61 62 63 1 2 3 4 5 6 7 8 9 10 11 12 13 14 15
