Case #1: 5
1 3
2
1 4
2
2
Case #2: 1
1 5
Case #3: 4
1 3
2
2
1 1
Case #4: 3
1 2
1 2
2
Case #5: 1
1 1
Case #6: 2
1 1
1 1
Case #7: 3
1 1
1 1
1 1
Case #8: 4
1 14
2
1 5
1 1
Case #9: 5
1 4
1 4
1 2
2
1 1
Case #10: 4
1 10
1 6
2
1 2
Case #11: 6
1 1
1 3
2
2
1 1
1 1
Case #12: 1
1 1
Case #13: 8
1 8
2
2
2
2
2
1 1
1 4
Case #14: 1
1 4
Case #15: 5
1 13
2
2
2
1 3
Case #16: 2
1 3
1 1
Case #17: 3
1 6
1 1
1 1
Case #18: 4
1 4
2
1 6
1 2
Case #19: 5
1 1
1 1
1 3
1 3
1 1
Case #20: 4
1 5
2
1 6
1 5
Case #21: 2
1 11
1 5
Case #22: 6
1 5
1 9
2
2
2
1 1
Case #23: 4
1 5
1 10
2
1 3
Case #24: 3
1 17
2
1 1
Case #25: 5
1 3
1 6
2
1 3
1 5
Case #26: 2
1 5
1 1
Case #27: 1
1 9
Case #28: 6
1 12
1 5
2
2
2
1 1
Case #29: 3
1 5
1 2
1 1
Case #30: 1
1 2
Case #31: 6
1 6
2
1 2
1 1
1 1
1 1
Case #32: 4
1 4
1 1
1 2
1 1
Case #33: 7
1 13
2
2
2
2
1 1
1 1
Case #34: 1
1 7
Case #35: 2
1 1
1 1
Case #36: 3
1 7
1 2
1 3
Case #37: 3
1 2
1 12
1 3
Case #38: 8
1 5
1 20
2
1 1
1 14
1 3
1 12
1 1
Case #39: 15
1 3
1 6
1 6
2
1 17
1 13
1 18
1 9
2
1 10
2
2
1 3
2
1 1
Case #40: 16
1 19
2
1 11
1 14
2
1 11
1 12
1 11
1 7
1 1
1 16
1 14
2
2
1 2
1 4
Case #41: 32
1 14
2
2
1 19
2
2
2
2
2
2
1 16
1 6
1 13
2
1 19
2
1 19
2
1 1
1 9
1 1
1 2
2
1 5
2
1 3
1 7
2
2
2
2
1 1
Case #42: 28
1 14
1 8
1 17
1 8
1 3
1 16
1 6
2
1 8
2
1 8
1 1
1 6
2
1 4
2
1 8
1 8
2
1 8
1 13
2
1 6
1 19
1 3
1 4
2
1 16
Case #43: 19
1 19
2
2
2
2
1 2
2
1 2
1 15
2
1 9
1 17
1 8
2
2
1 2
1 20
1 2
1 2
Case #44: 12
1 15
1 15
1 16
1 18
1 16
1 8
1 4
1 10
1 12
2
1 1
1 2
Case #45: 29
1 17
1 14
1 13
2
2
2
1 14
1 1
1 12
1 16
1 20
2
2
2
2
1 16
1 18
2
2
1 3
2
1 6
2
2
2
2
1 3
1 1
1 11
Case #46: 11
1 14
1 6
1 20
2
1 7
1 4
1 12
1 10
2
1 1
1 4
Case #47: 29
1 7
2
2
2
1 5
2
2
2
1 6
1 4
2
2
1 10
2
2
2
2
2
2
1 4
2
1 12
2
2
1 2
1 14
1 9
2
1 7
Case #48: 9
1 2
1 18
1 16
1 18
2
1 18
2
2
1 9
Case #49: 15
1 14
2
1 14
1 6
2
2
1 12
1 20
1 18
2
1 4
2
1 2
2
1 1
Case #50: 6
1 17
1 19
2
1 19
1 1
1 7
Case #51: 14
1 19
2
2
1 13
2
2
1 11
1 8
1 10
1 12
1 1
1 4
1 6
1 2
Case #52: 10
1 8
1 19
1 12
1 17
1 6
2
2
1 2
2
1 2
Case #53: 40
1 13
2
2
1 18
2
2
2
1 8
2
1 2
2
1 9
2
1 12
2
1 19
2
1 13
2
2
1 5
2
1 5
2
2
1 14
2
1 5
1 8
2
1 1
1 11
2
2
2
2
2
1 2
1 1
1 1
Case #54: 14
1 2
1 16
2
1 12
1 9
1 8
1 15
2
1 19
1 7
2
1 14
2
1 2
Case #55: 26
1 12
2
1 13
1 13
2
2
1 5
1 13
1 6
2
1 18
2
2
2
1 9
2
2
2
2
2
2
1 6
2
1 1
1 2
1 1
Case #56: 24
1 4
1 2
1 18
1 14
1 18
1 4
2
1 1
1 7
2
1 6
2
2
1 3
1 20
1 10
1 14
2
1 7
2
1 3
2
2
1 1
Case #57: 15
1 8
1 20
2
2
2
1 11
2
1 7
1 3
1 10
1 10
1 5
1 7
1 1
1 2
Case #58: 27
1 6
1 1
1 3
2
1 17
2
2
2
2
1 1
1 18
2
2
2
2
1 6
1 16
1 18
1 18
1 16
1 15
1 11
1 19
2
2
1 1
1 1
Case #59: 23
1 20
1 15
1 20
1 5
2
2
1 13
1 10
2
2
2
1 3
1 6
1 20
1 8
1 16
1 15
1 1
1 10
1 14
1 5
1 5
1 1
Case #60: 63
1 11
1 17
2
2
2
2
2
2
2
2
2
1 7
2
2
1 17
2
2
2
2
2
2
2
2
2
2
1 8
2
2
2
2
2
2
1 9
1 18
1 18
2
2
2
2
2
2
2
2
2
2
2
1 7
2
1 15
1 17
2
1 2
1 16
1 17
2
2
2
2
2
1 3
1 1
1 1
1 1
Case #61: 28
1 20
1 7
1 12
2
1 2
2
1 14
1 3
2
1 11
2
2
1 15
1 20
2
1 7
2
2
1 18
1 12
2
1 9
2
2
2
2
1 1
1 1
Case #62: 54
1 9
1 9
1 7
2
2
2
2
1 6
1 6
2
2
2
2
2
1 19
2
2
1 2
2
1 3
2
1 17
2
2
2
2
2
2
2
2
2
2
2
1 12
2
2
2
2
2
2
1 6
2
1 12
1 13
2
1 16
2
2
2
2
1 18
1 7
1 2
1 4
Case #63: 23
1 15
2
1 16
1 13
1 18
2
2
2
1 3
2
1 8
1 13
1 8
2
2
1 19
2
1 8
1 16
2
1 1
1 16
1 1
Case #64: 20
1 9
1 5
1 2
1 20
2
2
1 8
2
2
1 4
2
2
2
1 4
1 9
2
2
1 1
1 1
1 1
Case #65: 12
1 18
2
1 12
1 6
2
1 12
1 19
1 13
1 10
2
1 3
1 1
Case #66: 23
1 5
1 14
1 17
1 2
1 11
2
2
1 10
1 7
1 2
1 11
2
1 4
1 3
1 14
2
1 17
2
1 3
2
2
1 6
1 3
Case #67: 16
1 4
1 20
1 11
1 14
2
2
1 8
1 12
1 11
2
2
1 12
1 3
2
1 1
1 2
Case #68: 133
1 6
2
1 6
1 4
1 3
2
1 12
1 10
1 6
1 8
1 20
2
2
2
1 1
1 12
1 19
1 8
2
1 3
2
1 2
2
1 4
2
2
1 9
1 14
1 7
1 6
2
2
1 4
1 6
1 19
1 7
1 20
2
2
1 14
1 17
2
2
1 19
2
1 5
2
1 20
1 18
1 12
1 13
1 11
1 1
1 9
2
2
1 8
1 7
2
2
1 20
2
1 18
1 18
2
1 11
2
2
1 10
1 19
1 4
1 19
1 17
1 5
1 15
1 18
1 10
2
1 14
2
2
1 15
1 4
1 9
2
1 3
1 6
1 10
2
2
2
2
1 20
1 2
1 11
1 17
2
1 16
2
1 10
1 17
2
2
1 13
2
1 17
2
1 16
1 18
1 16
1 11
2
1 9
1 16
1 9
2
1 7
2
1 2
2
1 7
2
1 7
2
1 4
1 9
2
2
1 6
1 8
1 1
1 1
1 2
Case #69: 77
1 18
2
1 9
1 20
2
1 11
2
2
2
2
2
2
1 5
1 9
1 11
2
2
1 13
2
2
1 7
1 18
1 19
1 20
2
1 19
1 20
1 18
2
1 3
2
1 9
1 20
2
2
1 2
2
1 6
1 8
1 12
2
2
2
2
1 18
1 19
2
2
1 18
1 19
2
1 18
1 14
1 4
2
2
2
1 3
2
2
1 12
1 17
1 20
1 7
1 9
1 5
2
2
1 17
2
1 20
1 17
2
1 3
1 20
1 9
1 10
Case #70: 132
1 17
1 14
2
1 1
1 6
2
2
1 4
1 12
2
2
1 18
1 16
2
2
2
2
2
2
2
2
2
1 6
1 7
2
1 13
2
2
1 4
1 17
2
2
2
2
2
1 14
2
1 9
1 12
1 10
2
1 10
1 12
1 15
2
2
1 1
1 5
1 5
1 20
1 10
1 11
2
2
2
1 20
1 12
2
2
2
2
1 19
1 20
2
1 14
1 2
2
1 6
1 4
2
2
1 9
1 20
2
1 13
1 18
2
1 15
1 8
2
2
1 2
1 4
1 7
2
1 4
2
2
1 2
2
1 1
1 7
2
2
1 15
2
1 20
2
2
2
1 3
2
1 12
1 19
2
1 12
2
1 16
1 3
2
1 14
2
2
1 2
1 11
2
1 1
1 12
2
2
1 9
1 6
2
1 7
1 4
1 19
1 9
1 6
1 4
1 10
1 4
1 1
Case #71: 386
1 9
2
2
2
2
2
2
1 17
2
2
2
2
2
2
2
2
2
2
2
2
2
2
2
1 12
2
2
2
2
2
2
2
2
1 9
2
2
2
2
1 11
2
2
2
2
2
2
2
2
2
1 15
2
2
1 16
1 16
2
2
2
2
2
2
2
2
1 9
2
2
2
2
1 4
2
2
1 14
2
2
1 2
2
1 9
1 8
1 5
2
2
1 19
2
2
2
2
2
2
2
2
2
2
2
2
1 11
2
2
2
2
2
2
2
2
1 10
2
2
2
2
2
2
1 8
2
2
2
2
1 9
2
2
2
2
2
1 1
1 11
1 16
1 6
1 1
1 20
1 18
2
2
2
2
2
2
2
2
2
2
2
2
2
2
2
1 15
2
2
2
2
2
2
2
2
2
2
2
1 11
2
2
2
2
2
2
1 11
2
2
2
2
1 10
2
2
2
2
2
2
2
1 9
2
1 8
2
1 11
2
2
2
2
2
2
2
2
2
2
1 7
2
1 3
1 4
2
2
1 13
2
2
2
2
2
1 5
2
2
2
2
1 18
2
2
2
2
2
2
1 11
2
2
2
2
1 13
2
2
2
2
2
2
2
2
2
1 9
2
2
2
2
2
2
1 8
2
2
2
2
2
2
2
1 9
2
2
2
1 16
2
2
2
2
2
2
2
2
2
2
2
2
2
2
1 12
2
2
2
2
2
1 20
2
2
2
1 6
2
2
1 19
2
2
2
2
2
2
2
2
2
2
2
2
2
2
1 9
2
2
2
2
2
2
2
2
1 11
1 14
2
2
2
1 3
1 6
1 3
1 14
2
2
2
2
2
2
2
2
2
1 6
2
1 8
2
2
2
2
2
2
2
1 14
1 14
2
2
2
2
2
2
2
2
1 1
1 1
1 7
2
1 17
2
2
2
2
2
2
1 14
2
2
2
2
2
2
2
2
2
2
2
2
2
1 15
2
2
2
2
2
2
2
2
2
2
1 10
2
2
2
2
2
2
2
2
1 2
2
1 12
2
1 1
1 8
Case #72: 237
1 12
2
2
2
1 4
1 12
1 20
2
2
2
2
2
2
2
2
2
2
2
2
2
1 6
2
2
2
1 15
2
2
2
2
2
2
2
2
2
2
2
2
1 19
2
2
2
2
2
2
2
2
2
1 2
2
1 7
2
2
2
2
2
1 2
1 17
2
2
2
2
2
2
2
2
2
2
2
2
2
1 18
2
2
2
2
1 4
2
2
2
1 13
2
2
1 7
2
1 11
2
2
2
2
2
2
1 9
2
2
2
2
2
2
1 8
2
2
2
2
1 15
2
2
2
2
2
2
2
2
2
1 1
1 17
2
2
2
2
2
2
2
2
2
2
2
1 20
2
2
2
2
2
2
2
2
2
2
1 10
2
2
2
2
2
2
1 4
2
2
1 1
1 11
2
2
2
1 10
2
2
2
2
2
1 15
2
2
2
2
1 13
2
2
2
2
2
2
2
2
2
2
2
2
1 1
1 6
1 18
1 17
1 9
1 6
1 15
2
1 14
2
1 18
1 18
2
1 10
1 3
2
1 19
2
1 4
1 7
2
2
1 19
1 17
1 4
1 9
1 10
2
2
2
2
2
1 12
1 11
2
2
2
1 19
2
1 10
1 6
1 9
1 20
1 10
2
2
2
2
1 2
2
1 3
2
1 7
1 5
2
2
2
2
1 4
2
1 2
Case #73: 124
1 15
1 16
1 8
1 9
1 8
2
2
2
1 7
1 13
2
2
2
2
1 17
2
1 5
2
1 11
2
2
1 16
1 7
1 15
2
1 9
1 7
1 14
2
2
1 11
1 6
1 16
1 17
1 19
1 9
1 5
1 8
1 5
1 3
1 7
1 10
1 9
1 14
1 5
1 15
2
2
2
1 1
1 19
1 2
1 6
1 19
2
1 2
1 7
1 3
1 10
1 13
1 11
1 9
2
1 12
1 3
1 4
2
1 20
1 4
1 5
1 18
1 7
1 16
1 9
2
2
2
1 2
2
1 10
2
1 10
1 16
2
2
2
1 8
2
1 13
2
2
2
1 16
1 16
2
2
1 4
2
1 10
2
2
1 2
1 9
1 4
1 8
1 5
2
1 7
2
2
1 9
2
1 14
1 15
2
1 18
1 5
1 19
1 9
2
2
2
1 1
1 1
Case #74: 389
1 14
2
2
2
2
1 5
2
2
2
2
1 11
2
1 10
2
2
2
2
2
1 3
1 15
2
2
2
2
2
2
2
1 17
2
2
2
2
2
2
2
2
2
2
2
2
1 15
1 14
2
2
2
2
2
2
2
2
2
2
2
1 20
2
2
2
2
1 14
2
2
2
2
2
2
2
2
2
2
1 17
2
2
2
2
2
2
2
2
2
2
2
1 16
2
2
2
2
2
2
1 19
2
2
2
2
2
2
1 15
2
2
2
2
2
2
1 8
2
2
2
2
1 12
2
2
1 14
2
2
2
2
2
2
2
2
2
2
2
1 9
2
2
2
2
2
1 20
2
2
2
2
2
2
1 8
1 17
2
2
2
2
2
2
2
2
2
2
2
1 14
2
2
2
2
2
2
2
1 8
2
2
2
2
2
2
2
1 5
2
2
2
1 5
2
1 19
2
2
2
2
2
2
1 2
2
1 6
2
2
2
1 7
1 3
2
1 7
2
2
2
2
1 13
2
2
2
2
2
2
2
2
1 6
1 3
1 12
1 16
1 16
2
2
2
2
2
2
2
2
2
2
1 11
2
2
2
1 5
1 2
2
1 15
2
2
2
2
2
1 17
2
1 6
1 7
2
2
1 12
2
2
2
2
2
2
2
2
2
2
1 2
1 19
2
2
2
2
2
2
2
2
2
2
2
2
2
2
2
2
2
1 15
1 2
1 5
1 10
2
2
2
1 19
2
2
1 12
2
2
2
2
1 4
1 13
2
1 17
2
2
2
2
2
2
2
2
2
2
2
2
2
2
2
1 6
2
2
2
2
1 8
2
2
1 15
1 15
2
2
2
2
2
2
2
2
2
2
1 20
2
2
2
2
2
2
2
2
2
2
2
2
2
2
2
2
2
1 5
2
2
2
2
1 3
2
1 2
1 1
1 4
1 3
2
1 15
1 18
2
1 8
2
2
1 1
1 16
1 18
1 2
2
1 1
1 1
1 18
1 13
2
2
2
2
1 6
1 8
2
1 19
1 9
1 9
1 19
1 8
2
1 2
1 15
1 7
1 20
1 5
2
2
2
1 1
1 4
1 2
1 1
1 1
Case #75: 289
1 20
1 6
2
1 18
2
2
2
2
2
2
2
2
2
1 9
2
2
2
1 14
2
2
2
2
1 11
2
2
2
1 18
2
2
2
2
2
2
2
2
2
2
2
2
2
2
2
1 3
2
1 2
2
1 5
2
2
1 3
1 6
2
1 11
2
2
2
2
1 10
1 5
2
2
1 20
1 20
2
1 7
2
2
2
2
2
1 15
2
1 8
2
1 9
2
2
2
2
1 12
2
2
2
2
2
1 2
2
1 16
2
2
2
2
2
2
2
2
1 20
2
2
2
2
2
2
2
2
2
2
2
2
2
2
2
2
1 3
1 15
2
2
2
2
2
2
2
2
1 14
2
1 1
1 11
2
1 14
2
2
2
2
2
2
1 4
2
1 7
2
2
2
2
1 8
2
2
1 11
2
2
2
2
1 7
1 6
2
2
1 7
2
2
2
2
1 10
2
2
2
2
2
1 15
1 2
2
1 8
2
2
2
2
2
1 5
2
2
2
1 8
2
1 12
2
2
2
2
2
2
2
2
1 16
2
2
2
2
2
2
2
2
2
1 19
2
2
2
2
2
2
2
2
2
2
2
2
2
1 15
2
2
2
2
2
2
2
2
2
2
1 19
2
2
2
2
2
2
1 3
2
2
1 16
2
2
2
2
2
2
1 14
2
2
2
2
2
2
2
2
2
2
2
2
2
1 4
1 17
2
2
1 18
1 18
2
2
2
2
2
2
2
2
2
2
2
2
2
2
2
1 3
1 3
2
1 20
1 16
1 18
1 3
1 2
2
1 15
1 13
2
1 14
Case #76: 391
1 15
2
2
2
2
2
2
2
2
2
2
1 20
2
2
2
2
2
2
2
2
2
2
2
2
2
2
2
2
2
1 9
2
2
2
2
2
1 16
2
2
2
2
2
2
2
2
2
2
2
2
2
2
2
1 3
1 1
1 12
2
2
2
2
2
2
2
1 17
2
2
2
2
2
2
1 4
1 18
2
2
2
2
2
2
2
1 3
2
2
1 11
2
2
1 13
2
2
1 13
2
1 9
2
2
2
1 17
2
2
2
2
2
2
2
2
2
2
2
2
2
2
2
1 9
2
2
2
2
2
2
1 3
1 5
2
2
2
2
1 13
2
2
2
2
1 20
2
2
2
2
2
2
2
2
2
2
2
2
2
2
2
2
1 1
1 14
2
2
2
2
2
2
2
2
1 20
2
2
2
2
2
2
2
1 11
1 14
2
1 17
2
2
2
2
2
2
2
2
2
2
2
2
2
2
2
1 14
2
2
2
2
2
2
2
2
1 3
1 19
2
2
2
2
2
2
2
2
1 14
2
2
2
2
2
2
2
2
2
2
2
2
1 1
1 6
1 19
2
2
2
2
2
2
2
2
2
1 5
1 15
2
1 13
2
2
1 13
2
2
2
2
2
1 10
2
2
2
2
2
1 19
2
2
2
2
2
2
2
2
2
2
2
2
1 12
1 12
2
1 17
2
2
2
2
2
1 10
2
2
2
2
2
2
2
2
2
1 12
2
1 18
2
2
2
2
2
2
2
2
2
2
2
2
2
1 5
2
1 8
2
2
2
2
1 20
2
2
2
2
2
2
2
2
2
2
2
2
1 16
2
2
2
1 3
1 3
2
2
1 2
1 12
1 4
1 16
2
2
2
2
2
2
2
2
2
2
2
2
2
1 18
2
2
2
2
2
2
2
2
2
2
2
2
2
2
2
2
1 1
1 10
2
1 19
2
2
2
1 8
1 17
2
2
2
2
2
2
2
1 17
2
2
2
2
2
2
2
2
2
2
2
2
2
2
1 3
2
2
1 2
1 11
1 18
2
1 4
Case #77: 351
1 5
2
2
1 12
2
2
2
2
1 16
2
2
2
2
2
2
2
2
2
2
2
2
2
2
2
1 10
2
1 5
1 7
1 7
1 10
1 2
2
1 11
2
1 19
2
2
2
2
2
1 17
2
2
2
2
2
2
1 11
2
2
1 14
2
2
2
2
1 8
2
2
2
1 7
2
2
2
1 17
2
2
2
2
2
2
2
2
2
2
2
2
1 16
2
2
2
2
2
2
2
2
1 13
2
2
2
2
2
2
2
2
2
2
2
2
1 16
2
2
2
2
2
2
2
2
2
1 1
1 9
1 1
1 11
1 3
2
1 3
2
2
1 5
2
2
1 3
1 9
2
2
2
1 4
2
2
1 15
2
2
2
2
2
2
2
2
1 13
2
2
2
2
2
2
2
2
2
2
1 15
2
2
2
2
2
2
2
2
2
2
1 2
2
1 14
2
2
2
2
2
2
2
2
2
2
2
2
1 19
2
2
2
2
2
2
2
2
2
2
2
2
2
2
2
2
1 11
2
2
2
2
2
1 8
1 1
1 4
2
1 8
2
2
1 19
2
2
2
2
2
2
2
2
2
2
2
1 14
1 12
2
2
2
2
2
2
2
2
2
1 7
2
2
2
2
2
1 12
2
2
2
2
2
2
2
1 11
2
2
2
2
2
2
2
1 20
2
2
2
1 19
2
2
2
1 2
1 9
2
2
1 4
1 2
2
1 13
1 18
2
2
2
2
2
2
2
2
2
2
2
2
2
2
2
1 4
1 10
2
2
2
2
2
2
2
1 11
2
1 17
2
2
2
2
2
2
2
2
2
2
2
2
2
1 11
2
2
2
2
1 6
1 20
2
2
2
2
2
2
2
2
2
2
2
2
1 16
2
2
2
2
2
2
2
2
2
2
1 6
2
1 5
2
1 13
2
1 7
1 7
1 7
2
2
2
1 6
1 2
1 1
Case #78: 44
1 1
1 1
1 1
1 1
1 1
1 1
1 1
1 1
1 1
1 1
1 1
1 1
1 1
1 1
1 1
1 1
1 1
1 1
1 1
1 1
1 1
1 1
1 1
1 1
1 1
1 1
1 1
1 1
1 1
1 1
1 1
1 1
1 1
1 1
1 1
1 1
1 1
1 1
1 1
1 1
1 1
1 1
1 1
1 1
Case #79: 39
1 1
1 1
1 1
1 1
1 1
1 1
1 1
1 1
1 1
1 1
1 1
1 1
1 1
1 1
1 1
1 1
1 1
1 1
1 1
1 1
1 1
1 1
1 1
1 1
1 1
1 1
1 1
1 1
1 1
1 1
1 1
1 1
1 1
1 1
1 1
1 1
1 1
1 1
1 1
Case #80: 33
1 1
1 1
1 1
1 1
1 1
1 1
1 1
1 1
1 1
1 1
1 1
1 1
1 1
1 1
1 1
1 1
1 1
1 1
1 1
1 1
1 1
1 1
1 1
1 1
1 1
1 1
1 1
1 1
1 1
1 1
1 1
1 1
1 1
Case #81: 13
1 1
1 1
1 1
1 1
1 1
1 1
1 1
1 1
1 1
1 1
1 1
1 1
1 1
Case #82: 48
1 1
1 1
1 1
1 1
1 1
1 1
1 1
1 1
1 1
1 1
1 1
1 1
1 1
1 1
1 1
1 1
1 1
1 1
1 1
1 1
1 1
1 1
1 1
1 1
1 1
1 1
1 1
1 1
1 1
1 1
1 1
1 1
1 1
1 1
1 1
1 1
1 1
1 1
1 1
1 1
1 1
1 1
1 1
1 1
1 1
1 1
1 1
1 1
Case #83: 1
1 137
Case #84: 1
1 156
Case #85: 1
1 145
Case #86: 1
1 178
Case #87: 1
1 68
Case #88: 107
1 130
2
2
2
2
2
2
2
2
2
2
2
2
2
2
2
2
2
2
2
2
2
2
2
2
2
2
2
2
2
2
2
2
2
2
2
2
2
2
2
2
2
2
2
2
2
2
2
2
2
2
2
2
2
2
2
2
2
2
2
2
2
2
2
2
2
2
2
2
2
2
2
2
2
2
2
2
2
2
2
2
2
2
2
2
2
2
2
2
2
2
2
2
2
2
2
2
2
2
2
2
2
2
2
2
2
2
Case #89: 10
1 141
2
2
2
2
2
2
2
2
2
Case #90: 23
1 99
2
2
2
2
2
2
2
2
2
2
2
2
2
2
2
2
2
2
2
2
2
2
Case #91: 117
1 122
2
2
2
2
2
2
2
2
2
2
2
2
2
2
2
2
2
2
2
2
2
2
2
2
2
2
2
2
2
2
2
2
2
2
2
2
2
2
2
2
2
2
2
2
2
2
2
2
2
2
2
2
2
2
2
2
2
2
2
2
2
2
2
2
2
2
2
2
2
2
2
2
2
2
2
2
2
2
2
2
2
2
2
2
2
2
2
2
2
2
2
2
2
2
2
2
2
2
2
2
2
2
2
2
2
2
2
2
2
2
2
2
2
2
2
2
Case #92: 16
1 63
2
2
2
2
2
2
2
2
2
2
2
2
2
2
2
