80
3
000000
3
111111
3
000111
3
111000
3
010101
3
101010
3
100000
3
000001
3
011111
3
111110
4
01010101
4
10101010
4
11110000
4
10000000
4
11111110
5
0101010101
5
1010101010
5
1111100000
5
1000000000
5
1111111110
6
010101010101
6
101010101010
6
111111000000
6
100000000000
6
111111111110
7
01010101010101
7
10101010101010
7
11111110000000
7
10000000000000
7
11111111111110
8
0101010101010101
8
1010101010101010
8
1111111100000000
8
1000000000000000
8
1111111111111110
20
0000000000000000000000000000000000000000
20
1111111111111111111111111111111111111111
20
0101010101010101010101010101010101010101
20
1111111111111111111100000000000000000000
20
0001110001110001110001110001110001110001
20
1000000000000000000000000000000000000000
50
0000000000000000000000000000000000000000000000000000000000000000000000000000000000000000000000000000
50
1111111111111111111111111111111111111111111111111111111111111111111111111111111111111111111111111111
50
0101010101010101010101010101010101010101010101010101010101010101010101010101010101010101010101010101
50
1111111111111111111111111111111111111111111111111100000000000000000000000000000000000000000000000000
50
0001110001110001110001110001110001110001110001110001110001110001110001110001110001110001110001110001
50
1000000000000000000000000000000000000000000000000000000000000000000000000000000000000000000000000000
75
000000000000000000000000000000000000000000000000000000000000000000000000000000000000000000000000000000000000000000000000000000000000000000000000000000
75
111111111111111111111111111111111111111111111111111111111111111111111111111111111111111111111111111111111111111111111111111111111111111111111111111111
75
010101010101010101010101010101010101010101010101010101010101010101010101010101010101010101010101010101010101010101010101010101010101010101010101010101
75
111111111111111111111111111111111111111111111111111111111111111111111111111000000000000000000000000000000000000000000000000000000000000000000000000000
75
000111000111000111000111000111000111000111000111000111000111000111000111000111000111000111000111000111000111000111000111000111000111000111000111000111
75
100000000000000000000000000000000000000000000000000000000000000000000000000000000000000000000000000000000000000000000000000000000000000000000000000000
100
00000000000000000000000000000000000000000000000000000000000000000000000000000000000000000000000000000000000000000000000000000000000000000000000000000000000000000000000000000000000000000000000000000000
100
11111111111111111111111111111111111111111111111111111111111111111111111111111111111111111111111111111111111111111111111111111111111111111111111111111111111111111111111111111111111111111111111111111111
100
01010101010101010101010101010101010101010101010101010101010101010101010101010101010101010101010101010101010101010101010101010101010101010101010101010101010101010101010101010101010101010101010101010101
100
11111111111111111111111111111111111111111111111111111111111111111111111111111111111111111111111111110000000000000000000000000000000000000000000000000000000000000000000000000000000000000000000000000000
100
00011100011100011100011100011100011100011100011100011100011100011100011100011100011100011100011100011100011100011100011100011100011100011100011100011100011100011100011100011100011100011100011100011100
100
10000000000000000000000000000000000000000000000000000000000000000000000000000000000000000000000000000000000000000000000000000000000000000000000000000000000000000000000000000000000000000000000000000000
150
000000000000000000000000000000000000000000000000000000000000000000000000000000000000000000000000000000000000000000000000000000000000000000000000000000000000000000000000000000000000000000000000000000000000000000000000000000000000000000000000000000000000000000000000000000000000000000000000000000000000
150
111111111111111111111111111111111111111111111111111111111111111111111111111111111111111111111111111111111111111111111111111111111111111111111111111111111111111111111111111111111111111111111111111111111111111111111111111111111111111111111111111111111111111111111111111111111111111111111111111111111111
150
000000000000000000000000000000000000000000000000000000000000000000000000000000000000000000000000000000000000000000000000000000000000000000000000000000111111111111111111111111111111111111111111111111111111111111111111111111111111111111111111111111111111111111111111111111111111111111111111111111111111
150
111111111111111111111111111111111111111111111111111111111111111111111111111111111111111111111111111111111111111111111111111111111111111111111111111111000000000000000000000000000000000000000000000000000000000000000000000000000000000000000000000000000000000000000000000000000000000000000000000000000000
150
010101010101010101010101010101010101010101010101010101010101010101010101010101010101010101010101010101010101010101010101010101010101010101010101010101010101010101010101010101010101010101010101010101010101010101010101010101010101010101010101010101010101010101010101010101010101010101010101010101010101
150
101010101010101010101010101010101010101010101010101010101010101010101010101010101010101010101010101010101010101010101010101010101010101010101010101010101010101010101010101010101010101010101010101010101010101010101010101010101010101010101010101010101010101010101010101010101010101010101010101010101010
150
100000000000000000000000000000000000000000000000000000000000000000000000000000000000000000000000000000000000000000000000000000000000000000000000000000000000000000000000000000000000000000000000000000000000000000000000000000000000000000000000000000000000000000000000000000000000000000000000000000000000
150
111111111111111111111111111111111111111111111111111111111111111111111111111111111111111111111111111111111111111111111111111111111111111111111111111111111111111111111111111111111111111111111111111111111111111111111111111111111111111111111111111111111111111111111111111111111111111111111111111111111110
150
001100110011001100110011001100110011001100110011001100110011001100110011001100110011001100110011001100110011001100110011001100110011001100110011001100110011001100110011001100110011001100110011001100110011001100110011001100110011001100110011001100110011001100110011001100110011001100110011001100110011
150
000001111100000111110000011111000001111100000111110000011111000001111100000111110000011111000001111100000111110000011111000001111100000111110000011111000001111100000111110000011111000001111100000111110000011111000001111100000111110000011111000001111100000111110000011111000001111100000111110000011111
150
011010010000001011111101100100001001010110110010110010011101000001000010011110001101100000011111000001101111000111100110001100010001010000110001100000100111100111111101010010010111100010001011100000100101101010101000001000100100100110010000000010110000101000011110110001100001000001110100000111001100
150
001010001100011110011111100001100010110001110101010111111001010100110000000010111101000000001010000010010110110011000101101111100001001010110001011101100110111111111000110101110011101101111000101101011101100011101010011100101100000100001001101111111001111000110000111010001100001001000101110010000101
150
110111101001000011010000110011000101101100011100110001111101101101000110110000010010000110111001101010010011101010000010010011110001010001100101010001101111100110010110000100000111000111010011101010110100011111101010111111100000111011010011011110000111111111100101111111000110110100111100011111111010
150
100101011010011001011010010110101010010110011001011001010101101001010101010101010101010101101010011010101010101001010110011001100110101001100110011010101001101001101010011001010110101001011010010101011001010101100101010101011001100101010110011001010101100101010101100101100101010101101001010101100110
150
100101010101010110010110010110011010010110011010011010100110010101100110010101011001100101101010100101100101100101101001011010011001010101011010010110101010011010011010010101010101100101011001100101101001100110101010100110011010101001010101010101010101011010101010011010101010101010101001011001010110
150
011010100110101010101010100110100101011001010101011010010101101001101010100110100101010110010110010101101010101001101010100110010110010110100101101001100101100101011010011001101010100101010101101001010101101001010101100110011001100101011010010110101001100101101001010110011010100110011001101001100110
19
10011110100100000010011001010011001010
7
10011111101001
16
00100000101001001001001100101111
13
10111101101100001001001100
20
1101011111000101100000110110010000001100
