26
2 3 14 11
4 6 1 -1
10 13 4 3
1 4 4 9
3 5 3 7 10
2 3 10 5
10 4 6 -1
1 4 7 -1
2 2 8 8
7 14 -1
13 5 -1
3 1 100 50
5 -1
10 -1
3 7
3 2 10 5
6 6 6
6 6 -1
6 6 6
1 3 100 1
1 2 3 4
2 2 1000000000 1
1 2 -1
3 4 -1
2 2 1 1000000000
1 3 -1
2 4 -1
7 6 27 94
26 41 27 64 1 8 -1
19 66 21 24 35 28 -1
28 34 36 66 37 47 -1
38 31 53 58 54 4 26
30 65 36 51 56 26 -1
36 33 61 22 14 11 3
58 37 65 60 5 16 50
3 5 87 71
40 15 54 13 41 -1
9 47 32 8 49 -1
6 43 19 24 24 -1
7 6 81 68
3 13 1 21 31 19 -1
23 41 17 33 54 21 -1
9 32 13 45 28 1 40
46 37 61 30 40 30 -1
14 59 34 48 9 56 -1
64 46 20 40 24 64 -1
47 61 29 42 19 11 52
6 6 23 83
32 47 47 26 27 65 -1
40 31 42 56 27 8 -1
44 8 2 27 56 31 50
25 21 4 47 27 63 41
8 25 54 26 13 4 -1
23 44 52 32 55 47 -1
5 3 98 62
5 33 27 -1
25 29 24 29
15 32 12 -1
16 28 6 17
9 29 7 -1
13 7 187789434 443090556
4 23 68 63 56 3 54 -1
45 6 20 77 67 1 47 -1
21 52 4 24 5 48 22 68
71 7 50 3 56 63 35 46
5 2 38 11 32 32 4 -1
37 69 11 30 46 44 68 -1
36 1 56 5 24 39 48 -1
34 51 25 72 11 46 43 -1
29 43 32 51 34 73 54 14
67 13 49 28 6 10 72 2
49 35 66 74 15 42 14 43
72 71 30 33 44 33 25 23
6 37 9 57 1 57 74 -1
5 7 220423277 290831889
9 13 75 49 35 27 32 65
77 44 22 24 59 4 72 65
52 61 9 37 21 29 43 40
22 41 43 40 46 38 61 -1
12 43 22 35 41 69 25 -1
5 23 480196819 844955088
141 196 83 222 228 199 5 10 213 50 115 155 107 142 202 248 237 118 228 156 103 243 22 -1
233 135 176 68 246 157 133 5 77 136 157 248 206 69 68 8 48 55 156 3 33 234 203 -1
217 175 130 162 175 39 164 169 15 177 165 224 63 123 82 44 62 58 128 58 73 189 191 -1
143 211 226 68 27 5 119 245 81 40 27 124 95 184 47 181 154 21 37 100 134 1 85 -1
149 84 240 215 241 121 113 113 81 184 146 58 196 2 221 225 37 103 190 66 117 68 183 -1
19 30 452047668 879756990
83 50 76 27 69 243 9 151 163 185 47 180 82 214 158 234 78 146 141 153 88 279 231 123 56 49 156 178 68 217 -1
105 313 167 154 188 278 129 82 194 243 300 147 262 72 108 248 205 315 12 121 17 66 250 186 8 283 1 276 110 206 -1
50 171 223 283 142 200 95 279 132 239 256 81 5 123 232 229 91 70 74 117 200 320 260 50 305 89 287 247 85 203 200
132 276 299 186 248 223 141 315 209 218 104 124 240 99 35 47 64 248 96 143 279 317 125 76 202 224 196 223 37 48 -1
76 179 94 124 275 34 163 49 319 194 211 237 55 43 76 84 162 183 184 12 277 269 177 326 304 123 164 22 84 165 151
47 216 160 130 11 324 156 255 60 197 192 46 20 151 300 229 61 36 3 185 198 329 138 98 249 267 201 147 218 286 137
165 96 3 21 265 107 71 100 77 15 316 264 223 39 321 189 98 199 279 53 278 122 219 3 193 80 150 299 191 276 -1
205 30 66 233 299 234 292 216 77 280 254 170 34 294 48 36 174 12 245 205 12 83 124 302 45 184 100 222 260 82 -1
47 133 37 223 243 249 318 198 16 138 328 47 239 67 15 90 42 132 196 212 153 135 215 295 264 131 83 104 253 213 -1
37 76 157 48 321 280 299 220 131 64 6 137 30 162 147 317 98 27 32 210 33 100 186 180 173 205 326 186 275 47 -1
20 84 133 203 218 128 225 55 234 275 10 271 248 145 82 4 278 208 326 136 15 278 324 285 117 21 28 253 320 14 -1
192 21 228 179 68 80 192 288 203 164 99 205 50 203 191 133 186 12 305 248 63 208 70 159 223 176 235 59 54 130 131
100 162 101 225 309 111 162 200 161 33 235 200 86 209 207 195 245 66 161 265 103 153 211 285 304 163 113 17 162 144 -1
228 110 95 213 199 247 195 257 301 96 100 267 325 327 101 291 126 51 63 10 251 180 23 157 104 223 126 135 296 33 -1
86 264 270 299 101 317 141 68 232 113 76 259 137 257 251 1 67 28 226 59 130 129 271 301 196 29 9 228 289 189 -1
39 283 222 17 117 267 214 247 100 292 8 93 1 175 266 27 131 280 118 97 114 134 113 78 23 315 220 5 92 75 18
311 249 203 16 149 237 243 150 154 290 10 12 295 146 177 279 78 231 202 86 164 186 230 22 40 150 67 247 322 265 227
238 289 202 173 29 86 30 237 54 136 138 6 220 168 273 301 254 270 199 131 291 321 139 147 70 204 115 79 121 20 -1
53 69 74 314 51 305 56 278 54 11 109 114 296 68 20 110 53 276 229 51 162 155 83 151 72 312 254 82 258 176 125
6 16 329897185 347690800
53 151 91 60 6 84 114 104 154 8 103 122 76 80 166 2 -1
71 87 63 135 137 74 148 135 162 57 57 89 147 136 167 75 -1
93 136 120 154 99 36 162 90 55 31 34 93 117 17 27 157 -1
121 172 111 163 149 129 41 27 81 5 9 97 13 8 128 132 -1
115 108 147 167 14 146 65 49 144 24 61 46 2 167 35 78 -1
119 118 91 37 101 2 84 121 3 126 101 50 38 147 130 43 -1
10 4 649942788 254205244
41 30 12 19 -1
3 40 36 8 -1
12 10 42 33 -1
34 19 18 33 -1
41 36 36 8 -1
44 23 6 11 -1
20 1 44 12 -1
1 28 43 36 -1
42 26 6 42 -1
13 5 3 5 -1
7 9 572405267 112414583
92 81 69 97 29 34 18 38 38 -1
44 82 63 84 9 20 49 98 51 -1
42 4 88 48 95 37 1 85 71 -1
49 76 56 76 58 89 42 6 28 -1
93 85 40 86 10 43 9 50 39 -1
64 98 54 5 11 13 21 27 2 -1
64 6 41 74 86 32 12 27 35 -1
5 5 743226781 792585634
35 7 27 52 51 26
43 27 18 44 42 14
41 29 44 32 49 26
24 44 40 12 19 5
16 48 31 43 44 15
28 47 329363562 118608380
240163 379894 151650 65907 460295 40623 66505 171203 224852 434093 143510 273738 221489 36660 182981 22476 163993 332874 235084 114223 71665 80700 130378 98398 167015 181384 450578 206831 333505 353590 237782 157454 72120 301956 374017 102784 368024 210195 409007 432347 415680 88243 118594 429704 14145 324188 151610 -1
440110 273411 261053 221547 87266 121410 150508 84132 392820 402721 276383 374684 153560 244783 178316 429179 380387 289740 228 256336 410029 400250 83469 431338 275071 97264 237154 22514 399558 320258 95152 69611 32174 398106 90179 393577 56403 103161 224545 78355 306988 206503 397861 215360 323521 125011 411681 80039
363477 349276 174477 192761 90429 82816 400508 436288 429864 337197 95200 443413 50213 329419 370579 379936 193728 132836 377711 129721 79759 347630 363020 155528 328132 155329 53042 273122 301583 338340 359943 100137 177450 453343 414630 239483 229209 29228 270675 437075 136712 29543 347283 353511 206414 349127 430867 -1
380103 114473 67955 422119 211153 221655 456129 350314 107440 111801 457142 204638 95670 191845 337516 185743 411675 84679 255556 160579 197433 330178 89805 261846 105737 238047 354111 459038 351165 352607 439748 41836 318081 129350 294518 305336 195640 223482 368488 96536 409594 460278 296707 203463 260629 67242 78602 -1
227165 55179 5751 350244 261695 168143 256488 254338 317566 9688 465451 301693 287232 48368 179115 154308 441782 293302 468365 3258 381296 162811 74196 99188 130321 262813 277475 312705 87247 433866 162948 194163 298327 178578 138019 2554 465690 57378 75629 354074 220141 294286 71626 19604 128186 352027 56281 -1
286875 203290 61753 419537 287334 357597 186082 55019 6885 213442 157256 466265 246880 381301 75269 120154 16217 145551 247710 423414 274113 157173 305374 145205 64117 103071 110387 328104 80833 282012 105855 414493 37774 37705 167507 160974 177795 98965 247011 289122 344568 366077 457788 463090 376814 194715 131716 -1
249735 307657 179705 180535 154926 127153 74139 261843 206010 183631 151860 328240 92389 217852 390039 314073 435328 194828 93350 466826 174317 429633 348050 77080 93142 97478 394650 233451 265165 238107 140541 262078 347802 445033 352194 69734 376814 48242 55769 402186 179521 32488 78283 76269 227775 48872 37228 -1
20310 317126 324199 129539 430501 117804 103777 14307 279746 44857 390988 53887 93995 302730 323220 335329 124384 412411 407716 264338 29537 368770 277887 266722 113411 300336 358548 110494 360642 40437 386322 431496 88621 20218 428250 409162 96550 194055 166236 55758 261315 285996 209087 66369 99789 419124 261129 -1
117988 326974 249313 308769 412447 122665 231275 246821 386740 10818 50641 281238 22270 324294 295349 426540 170321 351985 213304 281875 313282 190806 423119 309936 350244 276418 249304 324745 296441 3483 21976 359353 247907 135494 350543 152546 139748 73477 251769 75276 239198 324891 242808 206145 22809 301009 58183 -1
171259 54863 426704 334633 449627 272876 331700 84620 293314 230247 162706 437562 374058 188039 290967 292033 119479 125683 103084 261333 207582 127408 333850 195484 272332 445533 140248 140827 281951 300701 197992 35686 418252 119018 69618 23960 398650 156042 184727 444679 119338 207540 441787 88643 211061 407187 131710 -1
25499 21683 325552 97679 131595 357490 434551 193432 302010 96406 11612 52121 410191 231948 91738 227403 96836 241115 100322 248811 254393 310169 410435 157320 310627 65159 228207 425711 241900 386909 208564 262872 265419 320077 399527 412936 91441 356788 96452 108176 84253 344427 75571 397114 102682 8186 156312 88993
418279 60980 460797 414142 331093 236339 54612 112376 317649 63830 176327 268254 397592 303759 247697 305483 103108 17136 285069 297223 267833 7880 176349 133624 28112 300243 280967 246405 315758 114816 60825 129303 212640 340034 383699 296969 267625 41477 98031 159030 84832 167734 40274 272512 54035 352898 373353 48227
262372 382825 15670 394967 259601 449376 220696 442991 383675 198850 439109 198602 349239 16659 309162 397453 197504 463847 170603 463931 407478 368145 15647 259654 390951 115020 113887 452100 73063 268399 21998 91509 325834 219608 207522 328244 376996 157110 177023 168474 183149 244364 158981 250407 246667 298108 230628 374691
108082 382342 389695 140711 258037 409733 116711 439321 55551 19173 385760 461876 113697 326866 28965 138743 279336 392288 283478 283132 19224 20590 433288 297385 363816 127260 179012 20613 356937 194103 273837 78592 233345 337744 16638 265400 42488 469602 61636 186641 299347 307541 205596 285213 432188 240206 140961 -1
452230 283477 283762 83132 9805 113535 167555 50609 8752 210219 170155 363912 353385 368596 13094 92286 297909 463581 435352 70841 202576 186482 28785 184104 264163 221072 328814 439030 450439 158633 358443 187856 229655 203001 367359 199504 444170 84054 195287 61272 278151 351729 249398 309058 130170 408334 396496 -1
69408 382914 271600 205725 362768 392576 287631 144994 187897 127788 212161 7 81759 348330 329651 185528 196561 100296 446363 105847 208940 157457 108498 142924 80847 29803 141267 30030 262682 288575 340268 193367 397604 338372 364690 419984 288654 96125 72400 82256 306870 407293 236947 390545 301931 317789 356121 -1
316896 320759 399749 359846 177898 87017 430843 5962 33173 199494 271199 201367 330931 341187 124321 339558 412886 448122 177869 207195 233408 350666 105505 345073 228578 148801 7805 322702 273887 382126 442658 98387 82018 113811 134434 232874 99657 449475 293774 17457 83491 329731 35398 96963 56079 107985 286295 -1
84525 118899 249734 326436 394271 188968 341985 106428 361963 150457 320432 453909 318807 299649 445273 174785 205449 364300 195542 116381 237636 118227 65873 329467 308632 376890 219505 432731 8303 145405 228705 359276 199628 258443 371860 74751 41390 351579 257138 147273 268258 445133 413998 349502 37424 89040 269989 -1
20827 440676 185205 281393 289374 368582 147334 172435 295572 6597 421175 254688 196319 112171 57052 258354 55952 358076 201539 272801 177874 347007 213948 12828 290079 185095 156338 464549 405370 145284 258730 390906 65801 359441 177943 386197 201913 70415 401639 379991 85626 203488 155700 460900 187831 326467 276958 -1
113302 60597 317097 130449 392134 194694 338526 395990 401902 109866 91500 320980 90122 317062 395279 429744 368562 106660 377114 458250 128893 329476 201477 445327 220257 213881 421186 91592 288813 440238 299970 143909 228782 251723 277580 168112 135840 352898 115974 227601 172297 314240 248322 359352 343589 353906 218948 91200
336539 45259 10232 65627 235214 461874 434504 107292 303172 174168 256584 150909 406001 307419 302851 452582 397610 454429 169211 121886 216595 394665 212557 383441 247212 433417 45899 347771 64053 359395 118318 331699 262076 312612 269297 37807 320114 271050 426945 53888 19214 37036 161238 90898 185482 192499 381451 445004
329464 105307 94295 431585 374010 238170 21641 417060 258560 363080 404346 464442 27375 236080 444616 124694 24555 87528 428826 387963 149601 296686 234229 375427 199795 37060 332151 54235 359468 64983 118090 43576 426269 248902 148944 393286 123962 301054 297099 213015 32545 421076 400852 35197 314941 441434 122580 -1
59394 68204 348112 7181 7936 382023 369742 181574 353486 386682 345924 67784 259057 224117 117826 36406 367003 405794 139417 156051 310031 6829 413951 399937 247158 60306 163979 411636 313732 399763 116565 240682 336066 291860 352399 166764 280160 38393 299002 84491 25197 257468 399226 325943 341000 254103 283286 432934
262674 452534 328110 54954 406699 372140 213594 452561 385272 24766 22908 217645 69907 276902 279897 184543 212041 405957 235332 445212 53713 359313 368409 96716 254822 105393 334923 191182 327516 306607 352760 16432 447487 83854 383778 339793 121504 333500 402777 452668 292982 375450 343412 297779 423225 153883 190967 13411
154955 458344 8295 5384 170835 431773 459282 418327 142496 37053 230746 241503 227170 68919 336832 24346 33626 18183 453873 92319 341736 63006 302279 438209 150644 34587 117729 406619 337633 56562 210964 54092 294788 39423 87703 362664 236644 379117 417961 428205 245676 99964 333722 82935 288674 431847 397597 -1
289517 95155 196198 400295 354705 402139 204017 456483 184786 133497 156745 458303 242236 150059 313623 466844 99538 9808 123479 439634 44976 462331 21209 213655 14919 214392 81113 339303 83181 128331 226940 7162 156923 281394 119218 55714 290051 227599 129196 251823 202824 110967 109458 242251 358776 281192 191902 -1
200027 67999 188083 88769 273104 457628 276788 181415 117255 467430 205339 42552 16910 328948 370490 448239 17180 217032 298814 271164 255294 324715 402344 448130 146073 26401 239288 455192 182578 361570 328820 453308 240078 436702 60 172911 25474 437517 206018 178064 260050 440014 21073 339762 367395 191070 453936 -1
345096 16469 237148 120374 372752 397439 107430 282401 24555 409351 454005 23072 62355 459405 75472 100778 67703 174929 44424 456256 157873 244210 326221 363623 262960 173839 69869 139391 255902 422774 161342 177070 463376 453869 47898 129708 209009 221501 115006 118525 28603 396809 214610 208881 37044 389222 455628 -1
15 22 184929235 570026494
73801 206934 180597 15855 51021 69550 54764 59584 72490 202860 203012 143405 88602 193935 24537 79924 33844 85315 183289 92647 191350 206809 -1
78668 172667 203108 51396 171477 186564 50637 37952 81945 138026 40283 59250 15531 61524 158614 27628 69521 132818 99484 47481 73821 127839 43936
61553 128860 150794 62319 123824 64479 78469 91492 184049 179072 97177 66063 127970 191594 6350 54095 175814 95704 34435 130521 139935 149929 121203
156304 172790 61964 203686 119779 133710 177950 100264 134433 32768 2247 54906 171796 81854 44635 114697 89121 149219 101684 211094 154105 205112 -1
97701 196854 84226 212351 197348 169650 100188 17928 215074 191154 99366 141818 217917 197333 47675 32024 26059 84130 168070 200178 113988 185786 -1
219025 164534 96855 10792 166946 169675 53277 188468 55795 185995 187381 90147 159122 45157 165939 108406 179481 51427 130931 134848 120439 41805 -1
179549 199037 185110 110732 71919 134877 27001 139433 33568 133147 24932 217480 81957 136251 16682 104483 161479 32084 176156 33324 2713 108157 -1
64779 217164 124167 177626 213802 101117 186289 142314 163418 145539 137784 196919 21810 99690 135175 210467 193825 187701 201498 180745 97636 20764 207738
159254 113061 123541 133993 171093 208078 68467 65975 80027 16376 69660 194654 100260 65806 58390 28570 68461 200288 214234 99495 121314 137131 181885
9433 148782 201590 166998 169009 77966 50600 37929 59760 58008 148651 30189 145750 173762 109644 131819 35931 62611 89250 85498 167721 216035 7907
139998 75761 194287 50496 62215 135182 134311 66689 8432 194412 201143 64464 205045 124483 183632 115792 8628 97832 181951 202278 216720 110755 171315
219425 92522 84179 204418 53890 48402 168015 126575 93194 199906 215419 105595 110419 140739 47299 94266 14441 24441 52990 214338 17213 212141 205174
156420 102937 165858 8932 47742 136113 11247 77521 87706 151642 169127 79863 55440 33152 64169 117836 170415 147254 101411 59709 3220 78934 -1
165334 147201 139385 115393 210682 12496 89724 100670 32103 115062 71678 62884 24786 213958 145329 190083 165147 195373 9757 4434 33723 181319 38808
206728 49501 153554 132917 116798 82818 13508 16481 39220 9214 73602 83350 219126 32348 110975 156256 191836 78906 59536 133567 51825 177223 147859
4 20 388276344 916676906
148458 196847 108861 104588 6720 92291 145755 105091 60694 186535 117031 93187 151006 76287 65080 170124 144867 178696 112899 586 -1
184847 183153 44159 46113 100142 165888 45850 60583 180556 166849 13318 48610 112612 29130 17850 86109 78591 101051 136751 3519 -1
17726 459 45895 131631 50091 41723 174879 109590 62908 125293 24484 155788 59362 89514 46908 889 69976 125131 88209 83742 -1
26379 52244 193418 9410 197667 59856 174149 69886 189240 107594 138655 27405 104096 190394 184436 160100 66715 65324 53221 170097 -1
7 18 877165540 205576049
133861 138940 18724 27034 104893 34102 142097 56165 168122 62371 17208 57164 71337 161283 163009 83759 63784 621 -1
177683 42506 23267 137479 53822 20639 169445 167234 19943 130452 123366 171055 168062 49746 93393 59459 47659 58600 -1
47182 52242 26040 152429 110061 134554 94556 111100 29507 109341 81482 164631 46115 65914 10756 94793 110513 4932 -1
67435 13203 146757 59404 168936 115591 101959 52188 42793 132163 141994 9551 170638 94581 93612 11098 178331 78815 -1
112821 95871 72479 4426 59362 44745 3077 30134 97575 119025 172480 105517 3468 55439 170552 119025 58083 97112 -1
76183 102253 106940 101126 84947 130458 25981 141985 103054 99263 153622 91588 27496 97765 68967 155387 172605 117704 -1
36540 24617 42591 179006 76982 65207 130715 151503 84145 42365 84186 173015 88474 61886 75849 43523 126538 127511 -1
