Case #1: 17 2
3 5 6
2 8 7
Case #2: 0 0
Case #3: 10 2
1 2 5
3 6 7
Case #4: 8 2
1 4
2 5
Case #5: 400 4
1
3
5
6
Case #6: 40 4
1 2
3 4
5 7
8 9
Case #7: 100 1
3 4 2
Case #8: 2000000000 2
2 5
1 4
Case #9: 2 2
4 5
1 2
Case #10: 189 7
9 11 17 18 26 29
22 28 33 34 40 49
4 13 15 16 25 27
2 12 20 24 30 41
23 38 44 3 10 32
43 48 36 39 37 42
45 46 31 8 19 47
Case #11: 174 2
3 7 11 15 16
8 14 10 2 9
Case #12: 567 7
2 3 5 6 17 20
1 4 11 13 15 18
19 21 22 26 31 36
8 9 10 30 43 45
44 47 16 29 40 46
41 49 37 39 23 24
33 27 32 34 38 48
Case #13: 138 6
9 20 22 30 33 40
4 11 13 15 16 17
19 21 29 32 37 39
2 3 6 25 28 36
23 26 12 18 10 31
27 34 38 8 24 41
Case #14: 490 5
3 7 9
11 15 17
13 14 19
1 6 8
10 16 18
Case #15: 2441262642 13
26 29 30 31 51 72 75
25 27 49 50 63 65 66
2 34 41 44 46 58 60
68 79 80 89 91 93 96
6 9 18 20 28 35 53
1 13 19 32 36 37 38
39 43 45 54 59 61 62
3 7 15 21 24 33 47
10 11 22 42 55 57 69
88 85 98 86 101 100 90
70 99 102 73 67 82 87
103 84 95 78 83 71 52
77 74 94 92 81 76 97
Case #16: 1102116385 5
25 23 36 8 35 34 27
16 10 15 13 12 9 19
7 17 18 20 21 5 4
28 3 24 14 2 33 31
37 26 6 29 39 30 38
Case #17: 1920787276 4
77 74 69 59 46 14 10 85 55 44 25 18 1 117 110 41 94 87 52 32 7 38 79
45 8 42 84 33 40 56 62 92 100 107 17 71 9 102 115 70 73 101 83 11 86 49
4 3 50 53 91 111 113 22 63 67 2 66 68 81 105 108 109 21 97 51 99 13 6
43 15 16 20 31 36 12 60 61 82 29 54 58 65 89 95 27 93 75 47 35 78 106
Case #18: 8588905692 19
545 208 522 534 298 494 556 582 478 543 457 458 412 450 322 395 169 172 437 504 422 433 394 407 303 425 292 299 219 264
542 10 241 268 41 503 8 51 58 79 135 155 389 406 320 360 271 308 142 24 174 76 210 150 269 189 300 253 382 278
539 576 430 518 413 420 477 362 358 390 302 307 128 130 143 149 230 240 580 589 75 564 108 69 129 87 236 116 493 175
485 523 27 53 315 316 451 473 409 427 280 282 55 59 95 97 112 157 207 296 184 203 111 179 251 262 122 145 30 90
233 290 466 498 461 464 524 5 476 566 361 442 332 346 323 327 15 29 220 225 188 216 162 173 170 213 106 164 12 42
56 98 37 47 572 36 521 540 215 274 103 54 512 560 7 22 38 70 107 114 180 200 202 205 209 254 352 365 377 456
158 45 547 568 482 497 439 449 418 424 381 391 194 80 244 159 287 227 342 348 266 293 245 265 372 375 288 356 160 193
552 492 429 467 393 398 579 583 468 508 379 401 357 366 313 338 252 277 507 474 483 423 455 373 211 250 138 199 121 131
235 40 144 359 562 585 94 238 50 166 374 141 321 285 371 301 414 364 317 331 263 270 196 242 163 187 101 154 32 49
500 537 453 459 330 445 267 281 197 257 167 185 125 139 117 120 3 73 52 89 81 104 119 134 472 505 326 397 66 99
334 376 258 283 255 256 469 527 447 448 411 440 544 561 487 517 351 428 309 400 276 340 151 228 291 295 249 260 195 226
555 569 109 11 541 587 34 115 156 165 186 192 546 550 57 65 9 33 83 84 63 68 2 60 491 495 410 431 388 396
336 343 201 284 182 190 344 178 74 100 23 64 133 26 204 132 446 171 78 19 557 573 506 519 384 405 354 380 339 347
578 1 92 113 86 13 530 586 520 525 475 515 325 443 168 85 549 563 513 538 489 496 404 462 224 247 118 152 67 77
575 581 531 559 490 499 444 488 399 426 350 355 304 314 239 275 206 221 378 419 421 441 514 548 574 246 311 212 229 93
39 44 509 526 416 479 567 570 536 553 436 486 140 402 161 16 223 153 234 198 312 231 333 273 577 463 529 408 243 289
370 319 481 502 470 471 91 4 565 571 516 533 480 510 432 435 367 385 415 417 335 387 294 297 191 48 237 137 305 218
554 383 551 72 484 528 148 21 511 535 43 82 136 147 181 183 584 71 25 61 329 18 588 306 363 452 328 337 28 259
501 454 460 386 438 345 369 261 286 214 222 146 177 102 126 88 96 46 349 176 17 232 123 392 353 368 318 324 272 532
Case #19: 1649485925 5
91 97 24 40 100 6 94 99 14 66 74 81 77 7 75 76
30 39 89 90 96 2 87 98 67 92 5 15 56 61 1 47
37 65 31 36 22 27 71 83 55 69 82 86 8 10 41 45
19 11 18 21 25 32 43 72 78 9 62 93 52 58 28 29
12 23 53 70 33 101 59 3 88 49 50 64 79 20 84 95
Case #20: 5991017392 10
3 7 8 9
11 22 23 24
26 31 33 34
1 14 19 21
32 36 46 47
2 12 13 16
18 28 41 42
4 6 17 27
49 29 43 44
38 37 39 48
Case #21: 3444763954 7
1 5 8 9 16 33 55 59 64
17 22 28 31 32 34 35 42 43
58 68 14 39 45 51 12 26 27
61 25 57 24 41 49 2 7 13
67 3 19 63 65 66 44 48 54
56 4 6 62 21 37 15 47 53
23 52 46 18 38 11 29 36 69
Case #22: 3716133905 5
5 6 13 18 25
2 3 4 8 11
10 12 14 15 17
27 30 24 22 16
26 7 20 1 21
Case #23: 9222179736 28
194 116 101 76 69 22 10 1333 1317 1290 1285 1264 1242 1211 1197 1168 1154 1137 345 321 316 298 257 161 135 105 102 56 49 1247 1187 1131 1043 998 901 899 897 892 855 645 555 512 476 399 378 351 343
428 166 214 299 350 402 470 607 658 699 711 767 812 844 936 1035 1098 1281 7 14 23 60 78 117 139 156 188 196 204 266 272 312 314 361 409 459 608 659 661 679 796 877 926 932 1002 494 491
498 120 124 206 236 262 318 380 414 449 450 473 594 637 644 646 664 665 719 739 781 837 866 868 887 993 1055 1067 1185 552 700 731 740 765 773 795 801 834 847 883 1024 1050 1107 1123 576 551 510
934 88 91 92 176 178 202 224 231 296 310 320 337 362 427 553 560 572 603 693 724 760 783 789 829 865 886 601 696 713 722 746 910 921 966 543 514 340 328 302 208 186 62 1212 1151 1138 982
519 95 183 283 292 307 358 370 381 394 486 554 559 565 604 624 629 636 707 732 737 742 745 761 811 894 896 1040 1058 1062 1085 1193 1206 1300 1302 1331 1255 1234 1150 1097 1087 813 706 702 1329 656 526
203 12 15 16 17 30 31 54 159 168 199 222 247 261 265 297 455 490 531 582 613 752 779 836 890 902 927 1141 1177 1315 1326 671 848 870 875 1008 1092 1099 1109 758 681 631 1018 578 513 356 211
1172 26 38 61 77 142 271 274 281 319 330 365 410 456 467 504 518 522 524 602 618 621 971 979 1048 1076 1108 1144 593 826 860 949 1054 1068 1084 1219 1228 1295 1312 1343 1341 270 148 1082 1019 1029 1004
1283 4 20 39 43 99 171 174 306 333 451 452 464 484 639 705 734 823 884 917 1011 1017 1064 1066 1113 1244 41 50 373 413 472 557 561 632 692 799 293 229 220 193 189 145 114 100 55 37 1340
655 6 51 108 205 212 221 242 244 250 263 285 311 325 400 425 460 641 305 429 434 457 466 547 585 771 772 782 803 806 914 1026 1078 1080 1146 1237 1223 1188 1119 1047 1037 861 833 1275 1198 843 683
421 109 127 163 195 237 338 366 419 65 82 175 179 228 376 404 411 422 479 482 497 502 584 648 715 798 800 825 891 943 1089 1152 920 937 964 973 980 984 994 1075 1101 1190 1258 1294 506 496 471
115 11 72 98 106 118 132 143 191 216 225 294 385 403 408 577 627 667 710 797 815 908 988 1106 1117 1122 1232 611 668 755 793 805 874 924 809 788 780 754 736 663 653 579 541 346 344 1339 234
709 18 93 155 259 295 326 440 458 581 666 674 690 304 817 849 854 909 933 939 957 961 976 981 991 996 1046 1077 1115 1130 1165 1208 1236 1241 74 1291 1287 1260 1210 1166 1164 1162 1104 1103 774 763 759
64 33 103 200 246 357 430 439 530 590 592 615 643 695 703 787 820 852 863 955 1014 1015 1021 1025 1049 1070 1102 1120 1169 1182 1230 1268 1305 1328 808 824 918 960 992 1005 287 264 256 1298 239 210 136
534 59 152 232 245 249 323 359 255 308 342 353 389 395 412 448 493 507 528 574 686 725 743 764 766 769 835 838 856 859 862 881 950 959 969 1030 1079 1175 1180 1195 1297 1225 1203 669 566 1342 537
157 13 58 107 121 129 5 25 42 79 140 180 198 289 291 392 393 499 610 786 802 807 830 903 916 1034 1121 1199 1231 1271 564 675 689 697 819 925 928 983 1045 437 407 387 382 348 1133 252 226
810 81 87 97 123 181 279 369 388 478 517 529 580 600 616 642 733 778 280 481 511 532 533 540 605 662 688 741 867 906 951 1028 1118 1135 1226 1238 1245 1265 1134 1111 1313 1163 1155 965 885 839 1279
146 3 34 130 24 73 128 138 164 227 327 372 405 415 426 488 515 549 588 619 652 717 757 922 952 987 1010 1073 1160 1196 1202 1310 1316 1323 1337 814 1000 1039 1041 1156 638 546 1304 1282 331 329 173
539 44 215 278 453 483 8 46 149 209 248 367 417 424 501 520 521 568 589 606 625 677 857 878 1016 1038 1136 1209 341 463 687 714 822 1003 1031 1072 1086 986 975 882 853 841 828 784 1139 609 544
213 66 90 162 177 190 28 89 111 125 267 352 379 420 477 503 550 556 583 635 650 698 712 753 770 845 938 1012 1013 1145 1158 1320 678 1059 1140 1147 1167 1277 1306 1288 1183 1176 1124 1174 1235 1127 930
241 53 104 126 169 201 219 83 165 273 303 324 354 371 406 694 716 827 931 682 597 587 489 474 391 332 313 167 154 112 47 1325 1274 1253 1148 1143 1006 995 911 846 723 630 622 525 475 441 301
137 27 52 751 821 915 929 935 1020 1095 1116 1129 1142 1192 1214 1267 1303 1332 1338 1322 1309 1299 1266 1252 1132 1057 990 978 970 871 818 1307 1272 1218 1181 1096 1081 919 913 898 747 726 575 253 218 185 172
956 19 21 133 141 217 254 322 396 423 447 468 527 545 617 657 680 791 850 368 487 562 567 614 649 651 670 676 708 721 804 873 907 940 942 967 1051 1251 1186 1157 1149 945 963 363 445 508 573
968 35 94 158 230 260 315 317 355 416 433 435 454 509 563 570 620 660 684 691 701 727 729 762 777 785 923 946 977 1042 1044 1060 1090 334 300 258 170 119 75 1261 1327 1246 1229 1227 1105 1032 1001
586 1 2 29 67 147 233 269 339 401 418 436 500 374 397 443 444 446 685 756 832 872 905 972 974 985 989 1125 1161 1215 1217 1222 1270 1336 1334 1330 1311 1269 1257 1250 1233 948 776 735 1254 628 595
243 36 40 57 113 122 134 151 251 277 282 286 309 398 438 442 495 516 596 598 775 879 1009 1052 1053 1094 1110 1170 1171 1179 1286 1319 654 1061 1063 1069 1091 1093 523 485 462 390 1128 377 349 347 290
858 86 110 131 187 469 591 599 612 673 851 386 548 558 571 647 730 750 831 869 876 880 889 893 895 944 953 1088 1178 1184 1194 1243 1249 1256 1262 1301 1308 1314 1321 1280 1239 1224 1216 1074 1023 1263 904
153 45 63 68 70 96 71 182 238 268 360 364 375 383 431 569 626 633 634 704 744 748 840 842 888 997 999 1036 1071 1114 1201 1221 1240 1273 1276 1335 958 1083 1153 1204 542 535 492 461 235 207 1324
1289 1278 1189 1173 1065 1022 1007 794 792 790 749 728 640 623 536 465 284 276 275 223 197 160 84 1318 1284 1213 1159 1126 1112 1100 1033 1027 962 954 947 941 900 738 718 1205 1220 1259 1293 1191 1207 184 1292
Case #24: 2773938525 15
14 20 43 65 69 132 137 152 154 160 167 178 206 212 219 224 233 243 267 283 308 342
266 296 253 260 327 329 305 322 280 289 277 279 324 5 281 309 262 276 199 259 215 237
141 26 315 330 293 303 163 110 190 157 310 170 292 300 9 42 88 99 112 180 191 288
29 7 41 27 89 35 210 64 247 198 341 242 239 246 227 234 205 221 166 197 149 153
49 6 256 337 244 252 104 48 142 91 335 113 148 186 57 80 124 140 182 202 176 238
313 336 306 311 294 297 195 216 13 194 96 105 15 19 125 126 51 8 98 17 214 220
175 156 174 97 151 159 139 145 37 63 207 249 22 25 134 12 230 28 270 171 274 261
74 1 333 338 258 319 79 95 73 77 120 135 109 44 121 85 162 118 204 136 318 187
334 340 285 312 272 273 78 127 129 133 188 193 287 295 317 344 72 111 119 131 231 255
316 326 284 302 228 232 177 181 130 168 30 122 56 61 217 257 67 4 106 50 116 87
331 11 343 32 323 325 21 38 54 70 75 81 291 321 236 263 184 200 265 275 229 264
332 339 269 286 222 226 209 211 183 185 53 66 90 144 208 223 147 169 76 83 103 108
320 345 254 314 218 241 192 201 173 179 47 146 102 59 196 203 55 45 62 52 84 58
298 307 251 290 245 248 16 240 82 10 100 33 172 94 117 128 271 278 235 268 213 165
282 189 225 155 164 86 93 36 68 3 18 150 250 304 328 39 114 60 24 123 158 301
Case #25: 1164829032 3
75 2 68 31 71 4 17 22 28 33 26 55 53 65 20 43 72 79 5 15
12 14 37 58 46 47 34 9 39 40 11 38 6 8 3 82 27 51 54 57
80 83 32 66 73 18 78 1 69 76 30 59 60 25 77 56 52 23 62 81
Case #26: 5262993240 6
115 125 112 117 60 78 31 88 14 50 103 13 113 128 98 99 91 94
9 24 39 29 74 100 46 3 64 66 5 58 47 54 35 42 16 20
127 104 62 21 102 109 107 61 7 8 86 92 59 71 43 48 18 34
110 22 106 108 68 73 116 120 105 111 75 79 11 56 30 33 65 40
63 97 23 36 87 44 123 77 118 119 32 49 26 1 89 101 41 72
129 28 80 81 52 70 126 130 90 121 51 83 2 4 12 27 93 122
