65
5
2 4 5 1 4
3
13 10 11
4
1 3 3 7
1
42
3
5 50 42
7
4 2 5 6 4 2 1
50
1 2 3 4 5 6 7 8 9 10 11 12 13 14 15 16 17 18 19 20 21 22 23 24 25 26 27 28 29 30 31 32 33 34 35 36 37 38 39 40 41 42 43 44 45 46 47 48 49 50
50
3 4 3 4 3 4 3 4 3 4 3 4 3 4 3 4 3 4 3 4 3 4 3 4 3 4 3 4 3 4 3 4 3 4 3 4 3 4 3 4 3 4 3 4 3 4 3 4 3 4
1
1
5
6 9 2 5 5
6
8 1 7 9 1 7
5
4 9 4 9 9
6
4 5 3 4 7 2
1
8
3
1 5 3
6
9 1 8 3 3 9
5
7 6 6 2 9
7
5 7 3 7 6 7 4
2
5 7
5
8 4 9 7 2
7
4 4 8 8 2 2 4
8
7 5 3 4 8 8 4 8
7
5 9 6 9 4 8 8
1
6
6
2 6 9 1 3 8
7
4 2 3 8 4 7 7
1
7
8
6 2 9 4 2 7 8 9
1
6
4
21 29 3 29
2
27 4
9
27 5 5 24 4 26 25 2 26
6
5 6 6 3 6 21
3
9 24 1
2
7 1
6
24 7 21 2 1 7
5
3 27 22 9 3
8
9 6 2 27 8 4 9 25
7
3 7 28 28 27 9 8
7
21 21 26 22 27 2 6
4
26 27 3 8
7
22 4 1 22 3 29 8
2
28 9
2
2 5
7
24 4 4 5 4 27 2
4
7 29 21 1
6
22 25 24 28 9 4
6
8 9 1 6 8 25
82
93 54 88 42 49 45 85 78 64 62 48 58 65 85 3 55 50 4 68 31 67 44 37 1 77 17 55 79 65 6 78 18 83 5 95 63 25 69 37 22 78 47 20 2 97 6 95 45 91 57 96 12 27 71 1 45 89 2 60 43 42 83 70 20 88 72 63 20 25 38 51 31 35 17 72 94 65 2 92 32 80 25
80
4 94 47 54 3 24 71 62 28 99 45 56 90 48 12 57 63 21 24 43 56 29 42 79 95 27 70 93 28 29 6 63 83 76 99 54 62 71 63 42 43 56 69 4 8 96 15 52 44 4 63 56 76 99 80 74 12 9 20 84 27 45 36 98 27 98 23 84 42 70 7 33 47 98 46 64 26 65 14 29
18
86 57 68 97 32 79 45 3 12 72 32 94 31 92 47 15 9 75
65
84 4 19 31 50 87 81 70 77 77 78 75 37 2 70 90 51 56 77 40 81 3 66 85 77 84 90 77 27 75 78 48 60 97 5 84 16 50 93 40 69 55 20 91 59 2 32 65 94 48 98 65 10 22 52 79 96 98 84 64 45 86 18 19 64
27
62 6 57 87 16 71 85 13 86 79 42 58 34 70 13 29 59 83 3 77 94 29 48 62 67 91 54
48
44 94 22 10 73 60 40 66 95 46 87 62 66 54 45 67 34 14 18 64 62 15 26 50 73 31 7 58 72 52 40 90 70 26 80 9 14 72 81 29 93 31 13 9 86 35 31 40
53
37 47 65 2 38 98 89 81 69 24 66 71 44 87 62 74 95 18 35 45 26 49 84 85 72 75 56 13 50 60 12 75 17 65 89 59 91 89 15 27 6 27 61 73 76 86 33 99 20 36 42 18 61
64
13 60 2 66 1 51 37 97 37 52 58 62 38 6 67 19 19 30 89 19 12 30 63 27 90 52 48 64 30 75 76 98 65 22 31 52 33 45 38 10 89 93 3 58 59 3 20 60 60 27 48 81 83 30 27 99 45 1 61 59 42 45 27 74
63
88 57 77 43 78 7 64 64 79 23 94 46 97 57 36 72 66 95 71 36 99 98 98 28 80 74 3 71 47 28 67 98 90 59 61 13 72 1 29 76 50 25 43 36 30 48 24 54 14 27 21 26 6 17 19 87 90 35 4 52 88 50 3
31
73 98 2 20 90 89 75 61 12 47 2 12 27 19 49 79 45 20 42 5 56 29 56 96 91 22 97 65 67 24 60
94
97 20 71 39 32 47 74 75 32 62 93 4 6 51 91 90 52 36 21 17 95 87 8 44 12 50 47 38 69 35 67 89 36 51 22 39 36 57 2 94 46 74 69 84 71 87 81 98 41 20 20 5 7 56 74 43 41 64 40 41 69 31 7 90 77 2 77 83 81 10 30 16 50 20 6 73 18 28 1 86 32 95 79 5 14 3 56 25 33 42 92 92 31 14
11
39 24 66 42 32 87 5 38 54 8 68
7
36 30 27 81 9 59 75
17
50 78 7 56 40 8 96 45 53 9 43 62 49 89 18 96 40
9
48 3 49 43 24 2 81 80 2
11
87 69 50 24 67 2 52 78 62 48 71
68
32 43 39 98 5 7 18 95 57 42 53 5 55 46 21 47 65 30 23 23 17 25 94 70 80 25 32 28 82 99 43 55 80 67 77 7 58 17 7 73 30 22 44 26 53 70 29 28 88 31 21 8 60 3 67 4 7 28 49 13 16 73 22 28 97 2 92 25
