150
3 3
4 3
4 1
5 2
6 3
7 4
3 5
1 1
2 1
2 3
100 1
100 5050
100 100
1 1
1 1
1 1
1 1
1 1
1 1
8 1
8 2
8 3
8 36
8 18
8 23
15 1
15 2
15 3
15 120
15 60
15 4
22 1
22 2
22 3
22 253
22 126
22 150
29 1
29 2
29 3
29 435
29 217
29 402
36 1
36 2
36 3
36 666
36 333
36 191
43 1
43 2
43 3
43 946
43 473
43 678
50 1
50 2
50 3
50 1275
50 637
50 622
57 1
57 2
57 3
57 1653
57 826
57 1253
64 1
64 2
64 3
64 2080
64 1040
64 1004
71 1
71 2
71 3
71 2556
71 1278
71 27
78 1
78 2
78 3
78 3081
78 1540
78 652
85 1
85 2
85 3
85 3655
85 1827
85 1148
92 1
92 2
92 3
92 4278
92 2139
92 653
99 1
99 2
99 3
99 4950
99 2475
99 3422
1 1
2 2
3 2
4 2
5 2
6 2
7 2
8 2
9 2
10 2
11 2
12 2
13 2
14 2
15 2
16 2
17 2
18 2
19 2
20 2
41 847
58 93
55 1126
34 555
63 1610
74 1428
80 1905
98 140
68 2164
73 1708
94 624
15 9
35 458
23 268
33 242
14 79
83 301
96 3016
89 2228
86 876
41 475
83 1449
81 762
26 317
74 2267
17 78
89 2692
