95
1 1 1
2 2 1
3 3 1
4 4 1
5 5 1
6 6 1
7 7 1
8 8 1
9 9 1
10 10 1
11 11 1
12 12 1
13 13 1
14 14 1
15 15 1
16 16 1
17 17 1
18 18 1
19 19 1
20 20 1
21 21 1
22 22 1
23 23 1
24 24 1
25 25 1
1 6 2
2 7 2
3 8 2
4 9 2
5 10 2
6 11 2
7 12 2
8 13 2
9 14 2
10 15 2
11 16 2
12 17 2
13 18 2
14 19 2
15 20 2
16 21 2
17 22 2
18 23 2
19 24 2
20 25 2
21 26 2
22 27 2
23 28 2
24 29 2
25 30 2
3 8 3
6 15 3
9 22 3
12 29 3
15 36 3
18 43 3
21 50 3
24 57 3
27 64 3
30 71 3
33 78 3
36 85 3
39 92 3
42 99 3
45 106 3
48 113 3
51 120 3
54 127 3
57 134 3
60 141 3
97 102 10
194 191 10
291 280 10
388 369 10
485 458 10
582 547 10
679 636 10
776 725 10
873 814 10
970 903 10
1067 992 10
1164 1081 10
1261 1170 10
1358 1259 10
1455 1348 10
1000000000 1000000000 1
1000000000 1000000000 1000000000
999999937 999999929 2
1000000000 1 999999999
1 1000000000 999999999
123456789 987654321 10000
999999999 500000000 333333333
42 42 100
6 6 4
2 7 3
