Case #1: 7
4 3 0
Case #2: 4
2 2 0
Case #3: 8
4 4 0
Case #4: 11
5 3 3 0 0
Case #5: 7
1 1 1 1 1 1 1 0 0 0
Case #6: 20
3 3 3 3 3 3 2 0
Case #7: 3
1 1 1 0 0 0 0 0 0 0 0 0 0 0 0 0 0 0 0 0 0 0 0 0 0 0
Case #8: 8
1 1 1 1 1 1 1 1 0 0 0 0 0 0 0 0 0 0 0 0 0 0 0 0 0 0 0 0 0 0
Case #9: 12
2 1 1 1 1 1 1 1 1 1 1 0
Case #10: 15
1 1 1 1 1 1 1 1 1 1 1 1 1 1 1 0 0
Case #11: 18
4 2 2 2 2 2 2 2
Case #12: 10
1 1 1 1 1 1 1 1 1 1 0 0 0 0 0 0 0 0 0 0 0 0 0 0
Case #13: 6
1 1 1 1 1 1 0 0 0 0 0 0 0 0 0 0 0 0 0 0 0 0 0 0 0 0 0 0 0 0 0 0 0 0 0
Case #14: 3
1 1 1 0 0 0 0 0 0 0 0
Case #15: 44
2 2 2 2 2 2 2 2 2 2 2 2 2 2 2 2 2 2 2 2 2 2 0
Case #16: 101
7 7 7 7 7 7 7 7 7 7 7 6 6 6 6
Case #17: 2
1 1 0 0 0 0 0 0 0 0 0 0 0 0 0 0 0 0 0 0 0 0 0 0 0 0 0 0 0 0 0 0 0 0 0 0 0 0 0 0 0 0 0 0 0 0 0 0 0 0 0 0 0 0 0
Case #18: 4
1 1 1 1 0 0 0 0 0 0
Case #19: 117258
1833 1833 1833 1833 1833 1833 1833 1833 1833 1833 1832 1832 1832 1832 1832 1832 1832 1832 1832 1832 1832 1832 1832 1832 1832 1832 1832 1832 1832 1832 1832 1832 1832 1832 1832 1832 1832 1832 1832 1832 1832 1832 1832 1832 1832 1832 1832 1832 1832 1832 1832 1832 1832 1832 1832 1832 1832 1832 1832 1832 1832 1832 1832 1832
Case #20: 142954
2553 2553 2553 2553 2553 2553 2553 2553 2553 2553 2553 2553 2553 2553 2553 2553 2553 2553 2553 2553 2553 2553 2553 2553 2553 2553 2553 2553 2553 2553 2553 2553 2553 2553 2553 2553 2553 2553 2553 2553 2553 2553 2553 2553 2552 2552 2552 2552 2552 2552 2552 2552 2552 2552 2552 2550
Case #21: 255773
5561 5561 5561 5561 5561 5561 5561 5561 5561 5561 5561 5561 5561 5560 5560 5560 5560 5560 5560 5560 5560 5560 5560 5560 5560 5560 5560 5560 5560 5560 5560 5560 5560 5560 5560 5560 5560 5560 5560 5560 5560 5560 5560 5560 5560 5560 0 0
Case #22: 51395
2235 2235 2235 2235 2235 2235 2235 2235 2235 2235 2235 2235 2235 2235 2235 2235 2235 2235 2233 2233 2233 2233 2233 0
Case #23: 67080
3195 3195 3195 3195 3195 3195 3194 3194 3194 3194 3194 3194 3194 3194 3194 3194 3194 3194 3194 3194 3194
Case #24: 36023
1638 1638 1638 1638 1638 1638 1638 1638 1638 1637 1637 1637 1637 1637 1637 1637 1637 1637 1637 1637 1637 1637
Case #25: 635058
10081 10081 10081 10081 10081 10081 10081 10081 10081 10081 10081 10081 10081 10081 10081 10081 10081 10081 10081 10081 10081 10081 10081 10081 10081 10081 10081 10081 10081 10081 10081 10081 10081 10081 10081 10081 10081 10081 10081 10081 10081 10081 10081 10081 10081 10081 10081 10081 10081 10081 10081 10081 10081 10081 10081 10081 10081 10081 10081 10081 10081 10081 10036
Case #26: 177871
3867 3867 3867 3867 3867 3867 3867 3867 3867 3867 3867 3867 3867 3867 3867 3867 3867 3867 3867 3867 3867 3867 3867 3867 3867 3867 3867 3867 3867 3867 3867 3867 3867 3867 3867 3867 3867 3867 3867 3867 3867 3867 3867 3867 3867 3856
Case #27: 2
1 1 0 0 0 0 0 0 0 0 0 0 0 0 0 0 0 0 0 0 0 0 0 0 0 0 0 0 0 0 0 0 0 0 0 0 0 0 0 0 0 0 0 0 0 0 0 0 0 0 0 0 0 0 0 0 0 0 0 0 0 0 0 0 0 0
Case #28: 11
1 1 1 1 1 1 1 1 1 1 1 0 0 0 0 0 0 0 0 0 0 0 0 0 0 0 0 0 0 0 0 0 0 0 0 0 0 0 0 0 0 0 0 0 0 0 0 0 0 0 0 0 0 0 0 0 0 0 0 0 0 0 0
Case #29: 22858959
423315 423315 423315 423314 423314 423314 423314 423314 423314 423314 423314 423314 423314 423314 423314 423314 423314 423314 423314 423314 423314 423314 423314 423314 423314 423314 423314 423314 423314 423314 423314 423314 423314 423314 423314 423314 423314 423314 423314 423314 423314 423314 423314 423314 423314 423314 423314 423314 423314 423314 423314 423314 423314 423314
Case #30: 17538529
274040 274040 274040 274040 274040 274040 274040 274040 274040 274040 274040 274040 274040 274040 274040 274040 274040 274040 274040 274040 274040 274040 274040 274040 274040 274040 274040 274040 274040 274040 274040 274040 274040 274039 274039 274039 274039 274039 274039 274039 274039 274039 274039 274039 274039 274039 274039 274039 274039 274039 274039 274039 274039 274039 274039 274039 274039 274039 274039 274039 274039 274039 274039 274039
Case #31: 25547963
580636 580636 580636 580636 580636 580636 580636 580636 580636 580636 580636 580636 580636 580636 580636 580636 580636 580636 580636 580636 580636 580636 580636 580636 580636 580636 580636 580636 580636 580636 580636 580636 580636 580636 580636 580636 580636 580636 580636 580636 580636 580629 580629 580629
Case #32: 77169
4288 4288 4288 4287 4287 4287 4287 4287 4287 4287 4287 4287 4287 4287 4287 4287 4287 4287
Case #33: 12236
186 186 186 186 186 186 186 186 186 186 186 186 186 186 186 186 186 186 186 186 186 186 186 186 186 186 185 185 185 185 185 185 185 185 185 185 185 185 185 185 185 185 185 185 185 185 185 185 185 185 185 185 185 185 185 185 185 185 185 185 185 185 185 185 185 185
Case #34: 11329
945 944 944 944 944 944 944 944 944 944 944 944
Case #35: 3633188074
129756717 129756717 129756717 129756717 129756717 129756717 129756717 129756717 129756717 129756717 129756717 129756717 129756717 129756717 129756717 129756717 129756717 129756717 129756717 129756717 129756717 129756717 129756717 129756717 129756717 129756717 129756716 129756716
Case #36: 3009938884
83609414 83609414 83609414 83609414 83609414 83609414 83609414 83609414 83609414 83609414 83609414 83609414 83609414 83609414 83609414 83609414 83609413 83609413 83609413 83609413 83609413 83609413 83609413 83609413 83609413 83609413 83609413 83609413 83609413 83609413 83609413 83609413 83609413 83609413 83609413 83609413
Case #37: 2
2 0 0 0 0 0 0 0 0 0 0 0 0 0 0 0 0 0 0 0 0 0 0 0 0 0 0 0 0 0 0 0 0 0 0 0 0 0 0 0 0 0 0 0 0 0 0 0 0 0 0 0 0 0 0 0 0 0 0 0 0 0 0 0 0 0 0 0 0 0 0 0 0 0 0 0 0 0 0 0 0 0 0 0 0 0 0 0 0 0 0 0 0 0 0 0 0 0 0 0 0 0 0 0 0 0 0 0 0 0 0 0 0 0 0 0 0 0 0 0 0 0 0 0 0 0 0 0 0 0 0 0 0 0 0 0 0 0 0 0 0 0 0 0 0 0 0 0 0 0 0 0 0 0 0 0 0 0 0 0 0 0 0 0 0 0 0
Case #38: 16
1 1 1 1 1 1 1 1 1 1 1 1 1 1 1 1 0 0 0 0 0 0 0 0 0 0 0 0 0 0 0 0 0 0 0 0 0 0 0 0 0 0 0 0 0 0 0 0 0 0 0 0 0 0 0 0 0 0 0 0 0 0 0 0 0 0 0 0 0 0 0 0 0 0 0 0 0 0 0 0 0 0 0 0 0 0 0 0 0 0 0 0 0 0 0 0 0 0 0 0 0 0 0 0 0 0 0 0 0 0 0 0 0 0 0 0 0 0 0 0 0 0 0
Case #39: 29
1 1 1 1 1 1 1 1 1 1 1 1 1 1 1 1 1 1 1 1 1 1 1 1 1 1 1 1 1 0 0 0 0 0 0 0 0 0 0 0 0 0 0 0 0 0 0 0 0 0 0 0 0 0 0 0 0 0 0 0 0 0 0 0 0 0 0 0 0 0 0 0 0 0 0 0 0 0 0 0 0 0
Case #40: 24
1 1 1 1 1 1 1 1 1 1 1 1 1 1 1 1 1 1 1 1 1 1 1 1 0 0 0 0 0 0 0 0 0 0 0 0 0 0 0 0 0 0 0 0 0 0 0 0 0 0 0 0 0 0 0 0 0 0 0 0 0 0 0 0 0 0 0 0 0 0 0 0 0 0 0 0 0 0 0 0 0 0 0 0 0 0 0 0 0 0 0 0 0 0 0 0 0 0 0 0 0 0 0 0 0 0 0 0 0 0 0 0 0 0 0 0 0 0 0 0 0 0 0 0 0 0 0 0 0 0 0 0 0 0 0 0 0 0 0 0 0 0 0 0 0 0 0 0 0 0 0 0 0 0 0 0 0 0 0 0 0
Case #41: 11
1 1 1 1 1 1 1 1 1 1 1 0 0 0 0 0 0 0 0 0 0 0 0 0 0 0 0 0 0 0 0 0 0 0 0 0 0 0 0 0 0 0 0 0 0 0 0 0 0 0 0 0 0 0 0 0 0 0 0 0 0 0 0 0 0 0 0 0 0 0 0 0 0 0 0 0 0 0 0 0 0 0 0 0 0 0 0 0 0 0 0 0 0 0 0 0 0 0 0 0 0 0 0 0 0 0 0 0 0 0 0 0 0 0 0 0 0 0 0 0 0 0 0 0 0 0 0 0 0 0 0 0 0 0
Case #42: 6
2 1 1 1 1 0 0 0 0 0 0 0 0 0 0 0 0 0 0 0 0 0 0 0 0 0 0 0 0 0 0 0 0 0 0 0 0 0 0 0 0 0 0 0 0 0 0 0 0 0 0 0 0 0 0 0 0 0 0 0 0 0 0 0 0 0 0 0 0 0 0 0 0 0 0 0 0 0 0 0 0 0 0 0 0 0 0 0 0 0 0 0 0 0 0 0 0 0 0 0 0 0 0 0 0 0 0 0 0 0 0 0 0 0 0 0 0 0 0 0 0 0 0 0 0 0 0 0 0 0 0 0 0 0 0 0 0 0 0
Case #43: 4
1 1 1 1 0 0 0 0 0 0 0 0 0 0 0 0 0 0 0 0 0 0 0 0 0 0 0 0 0 0 0 0 0 0 0 0 0 0 0 0 0 0 0 0 0 0 0 0 0 0 0 0 0 0 0 0 0 0 0 0 0 0 0 0 0 0 0 0 0 0 0 0 0 0 0 0 0 0 0 0 0 0 0 0 0 0 0 0 0 0 0 0 0 0 0 0 0 0 0 0
Case #44: 5
1 1 1 1 1 0 0 0 0 0 0 0 0 0 0 0 0 0 0 0 0 0 0 0 0 0 0 0 0 0 0 0 0 0 0 0 0 0 0 0 0 0 0 0 0 0 0 0 0 0 0 0 0 0 0 0 0 0 0 0 0 0 0 0 0 0 0 0 0 0 0 0 0 0 0 0 0 0 0 0 0 0 0 0 0 0 0 0 0 0 0 0 0 0
Case #45: 11
1 1 1 1 1 1 1 1 1 1 1 0 0 0 0 0 0 0 0 0 0 0 0 0 0 0 0 0 0 0 0 0 0 0 0 0 0 0 0 0 0 0 0 0 0 0 0 0 0 0 0 0 0 0 0 0 0 0 0 0 0 0 0 0 0 0 0 0 0 0 0 0 0 0 0 0 0 0 0 0 0 0 0 0 0 0 0 0 0 0 0 0 0 0 0 0 0 0 0 0 0 0 0 0 0 0 0 0 0 0 0 0 0 0 0 0 0 0 0 0 0 0 0 0 0 0 0 0 0 0 0 0 0 0 0 0 0 0 0 0 0 0 0 0 0 0 0
Case #46: 41
1 1 1 1 1 1 1 1 1 1 1 1 1 1 1 1 1 1 1 1 1 1 1 1 1 1 1 1 1 1 1 1 1 1 1 1 1 1 1 1 1 0 0 0 0 0 0 0 0 0 0 0 0 0 0 0 0 0 0 0 0 0 0 0 0 0 0 0 0 0 0 0 0 0 0 0 0 0 0 0 0 0 0 0 0 0 0 0 0 0 0 0 0 0 0 0 0 0 0 0 0 0 0 0 0 0 0 0 0 0 0 0 0 0 0 0 0 0 0 0 0 0 0 0 0 0 0 0 0 0 0 0 0 0 0 0 0 0 0 0 0 0 0 0 0 0 0 0 0 0 0 0 0 0 0 0 0 0 0 0 0 0 0 0 0 0 0 0 0 0 0 0 0 0 0 0 0
Case #47: 13
1 1 1 1 1 1 1 1 1 1 1 1 1 0 0 0 0 0 0 0 0 0 0 0 0 0 0 0 0 0 0 0 0 0 0 0 0 0 0 0 0 0 0 0 0 0 0 0 0 0 0 0 0 0 0 0 0 0 0 0 0 0 0 0 0 0 0 0 0 0 0 0 0 0 0 0 0 0 0 0 0 0 0 0 0 0 0 0 0 0 0 0 0 0 0 0 0
Case #48: 19
1 1 1 1 1 1 1 1 1 1 1 1 1 1 1 1 1 1 1 0 0 0 0 0 0 0 0 0 0 0 0 0 0 0 0 0 0 0 0 0 0 0 0 0 0 0 0 0 0 0 0 0 0 0 0 0 0 0 0 0 0 0 0 0 0 0 0 0 0 0 0 0 0 0 0 0 0 0 0 0 0 0 0 0 0 0 0 0 0 0 0 0 0 0 0 0 0 0 0 0 0 0 0 0 0 0 0 0 0 0 0 0 0 0 0 0 0 0 0 0 0 0 0
Case #49: 182589
2052 2052 2052 2052 2052 2052 2052 2052 2052 2052 2052 2052 2052 2052 2052 2052 2052 2052 2052 2052 2052 2052 2052 2052 2052 2052 2052 2052 2052 2052 2052 2052 2052 2052 2052 2052 2052 2052 2052 2052 2052 2052 2052 2052 2052 2052 2052 2052 2052 2052 2052 2052 2052 2052 2052 2052 2052 2052 2052 2052 2052 2052 2052 2052 2052 2052 2052 2052 2052 2052 2052 2052 2052 2052 2052 2050 2050 2050 2049 2049 2049 2049 2049 2049 2049 2049 2049 2049 2049
Case #50: 35207
284 284 284 284 284 284 284 284 284 284 284 284 284 284 284 284 284 284 284 284 284 284 284 284 284 284 284 284 284 284 284 284 284 284 284 284 284 284 284 284 284 284 284 284 284 284 284 284 284 284 284 284 284 284 284 284 284 284 284 284 284 284 284 284 284 284 284 284 284 284 284 284 284 284 284 284 284 284 284 284 284 284 284 284 284 284 284 284 284 284 284 284 284 284 284 284 284 284 284 284 284 284 284 284 284 284 284 284 284 284 284 284 284 284 284 283 283 283 283 283 283 283 283 283
Case #51: 111572
653 653 653 653 653 653 653 653 653 653 653 653 653 653 653 653 653 653 653 653 653 653 653 653 653 653 653 653 653 653 653 653 653 653 653 653 653 653 653 653 653 653 653 653 653 653 653 653 653 653 653 653 653 653 653 653 653 653 653 653 653 653 653 653 653 653 653 653 653 653 653 653 653 653 653 653 653 653 653 653 653 653 653 653 653 653 653 653 653 653 653 653 653 653 653 653 653 653 653 653 653 653 653 653 653 653 653 653 653 653 653 653 653 653 653 653 653 653 653 653 653 653 653 653 653 653 653 653 653 653 653 653 653 653 653 653 653 653 653 653 653 653 653 653 653 653 653 653 653 653 653 653 653 653 653 653 653 653 653 653 646 646 646 646 644 644 644 644 644 644 644
Case #52: 19161
106 106 106 106 106 106 106 106 106 106 106 106 106 106 106 106 106 106 106 106 106 106 106 106 106 106 106 106 106 106 106 106 106 106 106 106 106 106 106 106 106 106 106 106 106 106 106 106 106 106 106 105 105 105 105 105 105 105 105 105 105 105 105 105 105 105 105 105 105 105 105 105 105 105 105 105 105 105 105 105 105 105 105 105 105 105 105 105 105 105 105 105 105 105 105 105 105 105 105 105 105 105 105 105 105 105 105 105 105 105 105 105 105 105 105 105 105 105 105 105 105 105 105 105 105 105 105 105 105 105 105 105 105 105 105 105 105 105 105 105 105 105 105 105 105 105 105 105 105 105 105 105 105 105 105 105 105 105 105 105 105 105 105 105 105 105 105 105 105 105 105 105 105 105 105 105 105 105 105 105 105 105
Case #53: 30024
228 228 228 228 228 228 228 228 228 228 228 228 228 228 228 228 228 228 228 228 228 228 228 228 228 228 228 228 228 228 228 228 228 228 228 228 228 228 228 228 228 228 228 228 228 228 228 228 228 228 228 228 228 228 228 228 228 228 228 228 227 227 227 227 227 227 227 227 227 227 227 227 227 227 227 227 227 227 227 227 227 227 227 227 227 227 227 227 227 227 227 227 227 227 227 227 227 227 227 227 227 227 227 227 227 227 227 227 227 227 227 227 227 227 227 227 227 227 227 227 227 227 227 227 227 227 227 227 227 227 227 227
Case #54: 41872
402 402 402 402 402 402 402 402 402 402 402 402 402 402 402 402 402 402 402 402 402 402 402 402 402 402 402 402 402 402 402 402 402 402 402 402 402 402 402 402 402 402 402 402 402 402 402 402 402 402 402 402 402 402 402 402 402 402 402 402 402 402 402 402 402 402 402 402 402 402 402 402 402 402 402 402 402 402 402 402 402 402 402 402 402 402 402 402 402 402 402 402 402 402 402 402 402 402 402 402 402 402 402 402 63 1 0 0 0 0
Case #55: 376915
3732 3732 3732 3732 3732 3732 3732 3732 3732 3732 3732 3732 3732 3732 3732 3732 3732 3732 3732 3732 3732 3732 3732 3732 3732 3732 3732 3732 3732 3732 3732 3732 3732 3732 3732 3732 3732 3732 3732 3732 3732 3732 3732 3732 3732 3732 3732 3732 3732 3732 3732 3732 3732 3732 3732 3732 3732 3732 3732 3732 3732 3732 3732 3732 3732 3732 3732 3732 3732 3732 3732 3732 3732 3732 3732 3732 3732 3732 3732 3732 3732 3732 3732 3732 3732 3732 3732 3732 3732 3732 3732 3732 3732 3732 3732 3732 3732 3732 3731 3724 3724 0
Case #56: 41562
226 226 226 226 226 226 226 226 226 226 226 226 226 226 226 226 226 226 226 226 226 226 226 226 226 226 226 226 226 226 226 226 226 226 226 226 226 226 226 226 226 226 226 226 226 226 226 226 226 226 226 226 226 226 226 226 226 226 226 226 226 226 226 226 226 226 226 226 226 226 226 226 226 226 226 226 226 226 226 226 226 226 226 226 226 226 226 226 226 226 226 226 226 226 226 226 226 226 226 226 226 226 226 226 226 226 226 226 226 226 226 226 226 226 226 226 226 226 226 226 226 226 226 226 226 226 226 226 226 226 226 226 226 226 226 226 226 226 226 226 226 226 226 226 226 226 226 226 226 226 226 226 226 226 226 226 226 226 226 226 226 226 226 226 226 226 226 226 226 226 226 226 226 226 226 226 226 226 226 226 226 226 215 215
Case #57: 3
1 1 1 0 0 0 0 0 0 0 0 0 0 0 0 0 0 0 0 0 0 0 0 0 0 0 0 0 0 0 0 0 0 0 0 0 0 0 0 0 0 0 0 0 0 0 0 0 0 0 0 0 0 0 0 0 0 0 0 0 0 0 0 0 0 0 0 0 0 0 0 0 0 0 0 0 0 0 0 0 0 0 0 0 0 0 0 0 0 0 0 0 0 0 0 0 0 0 0 0 0 0 0 0 0 0 0 0 0 0 0 0 0 0 0 0 0 0 0 0 0 0 0 0 0 0 0 0 0 0 0 0 0 0 0 0 0 0 0 0 0 0 0 0 0 0 0 0 0 0 0 0 0 0 0 0 0 0 0 0 0 0 0 0 0 0 0 0 0 0 0 0 0 0 0 0 0 0 0 0 0 0 0 0 0 0 0 0
Case #58: 18
1 1 1 1 1 1 1 1 1 1 1 1 1 1 1 1 1 1 0 0 0 0 0 0 0 0 0 0 0 0 0 0 0 0 0 0 0 0 0 0 0 0 0 0 0 0 0 0 0 0 0 0 0 0 0 0 0 0 0 0 0 0 0 0 0 0 0 0 0 0 0 0 0 0 0 0 0 0 0 0 0 0 0 0 0 0 0 0 0 0 0 0 0 0 0 0 0 0 0 0 0 0 0 0 0 0 0 0 0 0 0 0 0 0 0 0 0 0 0 0 0 0 0 0 0 0 0 0 0 0 0 0 0 0 0 0 0 0 0 0 0 0 0 0 0 0 0 0 0 0 0 0 0 0 0 0 0 0 0 0 0 0 0 0 0 0 0 0 0 0 0 0 0 0 0 0 0 0 0 0 0 0 0 0 0 0 0 0 0 0 0 0 0 0 0 0 0 0 0
Case #59: 1699912
9770 9770 9770 9770 9770 9770 9770 9770 9770 9770 9770 9770 9770 9770 9770 9770 9770 9770 9770 9770 9770 9770 9770 9770 9770 9770 9770 9770 9770 9770 9770 9770 9770 9770 9770 9770 9770 9770 9770 9770 9770 9770 9770 9770 9770 9770 9770 9770 9770 9770 9770 9770 9770 9770 9770 9770 9770 9770 9770 9770 9770 9770 9770 9770 9770 9770 9770 9770 9770 9770 9770 9770 9770 9770 9770 9770 9770 9770 9770 9770 9770 9770 9770 9770 9770 9770 9770 9770 9770 9770 9770 9770 9770 9770 9770 9770 9770 9770 9770 9770 9770 9770 9770 9770 9770 9770 9770 9770 9770 9770 9770 9770 9770 9770 9770 9770 9770 9770 9770 9770 9770 9770 9770 9770 9770 9770 9770 9770 9770 9770 9770 9770 9770 9770 9770 9770 9770 9770 9770 9770 9770 9770 9770 9770 9770 9770 9770 9770 9770 9770 9770 9770 9770 9770 9770 9770 9770 9770 9770 9770 9770 9770 9770 9770 9770 9770 9770 9770 9770 9770 9770 9770 9768 9704
Case #60: 7175059
68991 68991 68991 68991 68991 68991 68991 68991 68991 68991 68991 68991 68991 68991 68991 68991 68991 68991 68991 68991 68991 68991 68991 68991 68991 68991 68991 68991 68991 68991 68991 68991 68991 68991 68991 68991 68991 68991 68991 68991 68991 68991 68991 68991 68991 68991 68991 68991 68991 68991 68991 68991 68991 68991 68991 68991 68991 68991 68991 68991 68991 68991 68991 68991 68991 68991 68991 68991 68991 68991 68991 68991 68991 68991 68991 68991 68991 68991 68991 68991 68991 68991 68991 68991 68991 68991 68991 68991 68991 68991 68991 68991 68991 68991 68991 68991 68991 68991 68990 68990 68990 68990 68990 68990 1
Case #61: 4143175
26058 26058 26058 26058 26058 26058 26058 26058 26058 26058 26058 26058 26058 26058 26058 26058 26058 26058 26058 26058 26058 26058 26058 26058 26058 26058 26058 26058 26058 26058 26058 26058 26058 26058 26058 26058 26058 26058 26058 26058 26058 26058 26058 26058 26058 26058 26058 26058 26058 26058 26058 26058 26058 26058 26058 26058 26058 26058 26058 26058 26058 26058 26058 26058 26058 26058 26058 26058 26058 26058 26058 26058 26058 26058 26058 26058 26058 26058 26058 26058 26058 26058 26058 26058 26058 26058 26058 26058 26058 26058 26058 26058 26058 26058 26058 26058 26058 26058 26058 26058 26058 26058 26058 26058 26058 26058 26058 26058 26058 26058 26058 26058 26058 26058 26058 26058 26058 26058 26058 26058 26058 26058 26058 26058 26058 26058 26058 26058 26058 26058 26058 26058 26058 26058 26058 26058 26058 26058 26058 26058 26058 26058 26058 26058 26058 26058 26058 26058 26058 26058 26058 26058 26058 26058 26057 26057 26057 26036 26036
Case #62: 41532
290 290 290 290 290 290 290 290 290 290 290 290 290 290 290 290 290 290 290 290 290 290 290 290 290 290 290 290 290 290 290 290 290 290 290 290 290 290 290 290 290 290 290 290 290 290 290 290 290 290 290 290 290 290 290 290 290 290 290 290 290 290 290 290 290 290 290 290 290 290 290 290 290 290 290 290 290 290 290 290 290 290 290 290 290 290 290 290 290 290 290 290 290 290 290 290 290 290 290 290 290 290 290 290 290 290 290 290 290 290 290 290 290 290 290 290 290 290 290 290 290 290 290 290 290 290 290 290 290 290 290 290 290 290 290 290 290 290 290 290 290 290 290 31 31
Case #63: 81293
573 573 573 573 573 573 573 573 573 573 573 573 573 573 573 573 573 573 573 573 573 573 573 573 573 573 573 573 573 573 573 573 573 573 573 573 573 573 573 573 573 573 573 573 573 573 573 573 573 573 573 573 573 573 573 573 573 573 573 573 573 573 573 573 573 573 573 573 573 572 572 572 572 572 572 572 572 572 572 572 572 572 572 572 572 572 572 572 572 572 572 572 572 572 572 572 572 572 572 572 572 572 572 572 572 572 572 572 572 572 572 572 572 572 572 572 572 572 572 572 572 572 572 572 572 572 572 572 572 572 572 572 572 572 572 572 572 572 572 572 572 572
Case #64: 69553
487 487 487 487 487 487 487 487 487 487 487 487 487 487 487 487 487 487 487 487 487 487 487 487 487 487 487 487 487 487 487 487 487 487 487 487 487 487 487 487 487 487 487 487 487 487 487 487 487 487 487 487 487 487 487 486 486 486 486 486 486 486 486 486 486 486 486 486 486 486 486 486 486 486 486 486 486 486 486 486 486 486 486 486 486 486 486 486 486 486 486 486 486 486 486 486 486 486 486 486 486 486 486 486 486 486 486 486 486 486 486 486 486 486 486 486 486 486 486 486 486 486 486 486 486 486 486 486 486 486 486 486 486 486 486 486 486 486 486 486 486 486 486
Case #65: 1878246320
10920037 10920037 10920037 10920037 10920037 10920037 10920037 10920037 10920037 10920037 10920037 10920037 10920037 10920037 10920037 10920037 10920037 10920037 10920037 10920037 10920037 10920037 10920037 10920037 10920037 10920037 10920037 10920037 10920037 10920037 10920037 10920037 10920037 10920037 10920037 10920037 10920037 10920037 10920037 10920037 10920037 10920037 10920037 10920037 10920037 10920037 10920037 10920037 10920037 10920037 10920037 10920037 10920037 10920037 10920037 10920037 10920037 10920037 10920037 10920037 10920037 10920037 10920037 10920037 10920037 10920037 10920037 10920037 10920037 10920037 10920037 10920037 10920037 10920037 10920037 10920037 10920037 10920037 10920037 10920037 10920037 10920037 10920037 10920037 10920037 10920037 10920037 10920037 10920037 10920037 10920037 10920037 10920037 10920037 10920037 10920037 10920037 10920037 10920037 10920037 10920037 10920037 10920037 10920037 10920037 10920037 10920037 10920037 10920037 10920037 10920037 10920037 10920037 10920037 10920037 10920037 10920037 10920037 10920037 10920037 10920037 10920037 10920037 10920037 10920037 10920037 10920037 10920037 10920036 10920036 10920036 10920036 10920036 10920036 10920036 10920036 10920036 10920036 10920036 10920036 10920036 10920036 10920036 10920036 10920036 10920036 10920036 10920036 10920036 10920036 10920036 10920036 10920036 10920036 10920036 10920036 10920036 10920036 10920036 10920036 10920036 10920036 10920036 10920036 10920036 10920036 10920036 10920036 10920036 10920036 10920036 10920036
Case #66: 123980326
821062 821062 821062 821062 821062 821062 821062 821062 821062 821062 821062 821062 821062 821062 821062 821062 821062 821062 821062 821062 821062 821062 821062 821062 821062 821062 821062 821062 821062 821062 821062 821062 821062 821062 821062 821062 821062 821062 821062 821062 821062 821062 821062 821062 821062 821062 821062 821062 821062 821062 821062 821062 821062 821062 821062 821062 821062 821062 821062 821062 821062 821062 821062 821062 821062 821062 821062 821062 821062 821062 821062 821062 821062 821062 821062 821062 821062 821062 821062 821062 821062 821062 821062 821062 821062 821062 821062 821062 821062 821062 821062 821062 821062 821062 821062 821062 821062 821062 821062 821062 821062 821062 821062 821062 821062 821062 821062 821062 821062 821062 821062 821062 821062 821062 821062 821061 821061 821061 821061 821061 821061 821061 821061 821061 821061 821061 821061 821061 821061 821061 821061 821061 821061 821061 821061 821061 821061 821061 821061 821061 821061 821061 821061 821061 821061 821061 821061 821061 821061 821061 821061
Case #67: 3
1 1 1 0 0 0 0 0 0 0 0 0 0 0 0 0 0 0 0 0 0 0 0 0 0 0 0 0 0 0 0 0 0 0 0 0 0 0 0 0 0 0 0 0 0 0 0 0 0 0 0 0 0 0 0 0 0 0 0 0 0 0 0 0 0 0 0 0 0 0 0 0 0 0 0 0 0 0 0 0 0 0 0 0 0 0 0 0 0 0 0 0 0 0 0 0 0 0 0 0 0 0 0 0 0 0 0 0 0 0 0 0 0 0 0 0 0 0 0 0 0 0 0 0 0 0 0 0 0 0 0 0 0 0 0 0 0 0 0 0 0 0 0 0 0 0 0 0 0 0 0 0 0 0 0 0 0 0 0 0 0 0 0 0 0 0 0 0 0 0 0 0 0 0 0 0 0 0 0 0 0 0 0 0 0 0 0 0 0 0 0 0 0 0 0 0 0 0 0 0 0 0 0 0 0 0 0 0 0 0 0 0 0 0 0 0 0 0 0 0 0 0 0 0 0 0 0 0 0 0 0 0 0 0 0 0 0 0 0 0 0 0 0 0 0 0 0 0 0 0 0 0 0 0 0 0 0 0 0 0 0 0 0 0 0 0 0 0 0 0 0 0 0 0 0 0 0 0 0 0 0 0 0 0 0 0 0 0 0 0 0 0 0 0 0 0 0 0 0 0 0 0 0 0 0 0 0 0 0 0 0 0 0 0 0 0 0 0 0 0 0 0 0 0 0 0 0 0 0 0 0 0 0 0 0 0 0 0 0 0 0 0 0 0 0 0 0 0 0 0 0 0 0 0 0 0 0 0 0 0 0 0 0 0 0 0 0 0 0 0 0 0 0 0 0 0 0 0 0 0 0 0 0 0 0 0 0 0 0 0 0 0 0 0 0 0 0 0 0 0
Case #68: 31
1 1 1 1 1 1 1 1 1 1 1 1 1 1 1 1 1 1 1 1 1 1 1 1 1 1 1 1 1 1 1 0 0 0 0 0 0 0 0 0 0 0 0 0 0 0 0 0 0 0 0 0 0 0 0 0 0 0 0 0 0 0 0 0 0 0 0 0 0 0 0 0 0 0 0 0 0 0 0 0 0 0 0 0 0 0 0 0 0 0 0 0 0 0 0 0 0 0 0 0 0 0 0 0 0 0 0 0 0 0 0 0 0 0 0 0 0 0 0 0 0 0 0 0 0 0 0 0 0 0 0 0 0 0 0 0 0 0 0 0 0 0 0 0 0 0 0 0 0 0 0 0 0 0 0 0 0 0 0 0 0 0 0 0 0 0 0 0 0 0 0 0 0 0 0 0 0 0 0 0 0 0 0 0 0 0 0 0 0 0 0 0 0 0 0 0 0 0 0 0 0 0 0 0 0 0 0 0 0 0 0 0 0 0 0 0 0 0 0 0 0 0 0 0 0 0 0 0 0 0 0 0 0 0 0 0 0 0 0 0 0 0 0 0 0 0 0 0 0 0 0 0 0 0 0 0 0 0 0 0 0 0 0 0 0 0 0 0 0 0 0 0 0 0 0 0 0 0 0 0 0 0 0 0 0 0 0 0 0 0 0 0 0 0 0 0 0 0 0 0 0 0 0 0 0 0 0 0 0 0 0 0 0 0 0 0 0 0 0 0 0 0 0 0 0 0 0 0 0 0 0 0 0 0 0 0 0 0 0 0 0 0 0 0 0 0 0 0 0 0 0 0 0 0 0 0 0 0 0 0 0 0 0 0 0 0 0 0 0 0 0 0 0 0 0 0 0 0 0 0 0 0 0 0 0 0 0 0 0 0 0 0 0 0 0 0 0 0 0 0 0 0 0 0 0 0 0 0 0 0 0 0 0 0 0 0 0 0 0 0 0 0 0 0 0 0 0 0 0 0 0 0 0 0 0 0 0 0 0 0 0 0 0 0 0 0 0 0 0 0 0 0
Case #69: 6952
15 15 15 15 15 15 15 15 15 15 15 15 15 15 15 15 15 15 15 15 15 15 15 15 15 15 15 15 15 15 15 15 15 15 15 15 15 15 15 15 15 15 15 15 15 15 15 15 15 15 15 15 15 15 15 15 15 15 15 15 15 15 15 15 15 15 15 15 15 15 15 15 15 15 15 15 15 15 15 15 15 15 15 15 15 15 15 15 15 15 15 15 15 15 15 15 15 15 15 15 15 15 15 15 15 15 15 15 15 15 15 15 15 15 15 15 15 15 15 15 15 15 15 15 15 15 15 15 15 15 15 15 15 15 15 15 15 15 15 15 15 15 15 15 15 15 15 15 15 15 15 15 15 15 15 15 15 15 15 15 15 15 15 15 15 15 15 15 15 15 15 15 15 15 15 15 15 15 15 15 15 15 15 15 15 15 15 15 15 15 15 15 15 15 15 15 15 15 15 15 15 15 15 15 15 15 15 15 15 15 15 15 15 15 15 15 15 15 15 15 15 15 15 15 15 15 15 15 15 15 15 15 15 15 15 15 15 15 15 15 15 15 15 15 15 15 15 15 15 15 15 15 15 15 15 15 15 15 15 15 15 15 15 15 15 15 15 15 15 15 15 15 15 15 15 15 15 15 15 15 15 15 15 15 15 15 15 15 15 15 15 15 15 15 15 15 15 15 15 15 15 15 15 15 15 15 15 15 15 15 15 15 15 15 15 15 15 15 15 15 15 15 15 15 15 15 15 15 15 15 15 15 15 15 15 15 15 15 15 15 15 15 15 15 15 15 15 15 15 15 15 15 15 15 15 15 15 15 15 15 15 15 15 15 15 15 15 15 15 15 15 15 15 15 15 15 15 15 15 15 15 15 15 15 15 15 15 15 15 15 15 15 15 15 15 15 15 15 15 15 15 15 15 15 15 15 15 15 15 15 15 15 15 15 15 15 15 15 15 15 15 15 15 15 15 15 15 15 15 15 15 15 15 15 15 15 15 15 15 15 15 15 15 15 15 15 15 14 14 14 14 14 14 14 14 14 14 14 14 14 14 12 12 12 12 3
Case #70: 7463
20 20 20 20 20 20 20 20 20 20 20 20 20 20 20 20 20 20 20 20 20 20 20 20 20 20 20 20 20 20 20 20 20 20 20 20 20 20 20 20 20 20 20 20 20 20 20 20 20 20 20 20 20 20 20 20 20 20 20 20 20 20 20 20 20 20 20 20 20 20 20 20 20 20 20 20 20 20 20 20 20 20 20 20 20 20 20 20 20 20 20 20 20 20 20 20 20 20 20 20 20 20 20 20 20 20 20 20 20 20 20 20 20 20 20 20 20 20 20 20 20 20 20 20 20 20 20 20 20 20 20 20 20 20 20 20 20 20 20 20 20 20 20 20 20 20 20 20 20 20 20 20 20 20 20 20 20 20 20 20 20 20 20 20 20 20 20 20 20 20 20 20 20 20 20 20 20 20 20 20 20 20 20 20 20 20 20 20 20 20 20 20 20 20 20 20 20 20 20 20 20 20 20 20 20 20 20 20 20 20 20 20 20 20 20 20 20 20 20 20 20 20 20 20 20 20 20 20 20 20 20 20 20 20 20 20 20 20 20 20 20 20 20 20 20 20 20 20 20 20 20 20 20 20 20 20 20 20 20 20 20 20 20 20 20 20 20 20 20 20 20 20 20 20 20 20 20 20 20 20 20 20 20 20 20 20 20 20 20 20 20 20 20 20 20 20 20 20 20 20 20 20 20 20 20 20 20 20 20 20 20 20 20 20 20 20 20 20 20 20 20 20 20 20 20 20 20 20 20 20 20 20 20 20 20 20 20 20 19 19 19 19 19 19 19 19 19 19 19 19 19 19 19 19 19 19 19 19 19 19 19 19 19 19 19 19 19 19 19 19 19 19 19 19 19
Case #71: 3523
10 10 10 10 10 10 10 10 10 10 10 10 10 10 10 10 10 10 10 10 10 10 10 10 10 10 10 10 10 10 10 10 10 10 10 10 10 10 10 10 10 10 10 10 10 10 10 10 10 10 10 10 10 10 10 10 10 10 10 10 10 10 10 10 10 10 10 10 10 10 10 10 10 10 10 10 10 10 10 10 10 10 10 10 10 10 10 10 10 10 10 10 10 10 10 10 10 10 10 10 10 10 10 10 10 10 10 10 10 10 10 10 10 10 10 10 10 10 10 9 9 9 9 9 9 9 9 9 9 9 9 9 9 9 9 9 9 9 9 9 9 9 9 9 9 9 9 9 9 9 9 9 9 9 9 9 9 9 9 9 9 9 9 9 9 9 9 9 9 9 9 9 9 9 9 9 9 9 9 9 9 9 9 9 9 9 9 9 9 9 9 9 9 9 9 9 9 9 9 9 9 9 9 9 9 9 9 9 9 9 9 9 9 9 9 9 9 9 9 9 9 9 9 9 9 9 9 9 9 9 9 9 9 9 9 9 9 9 9 9 9 9 9 9 9 9 9 9 9 9 9 9 9 9 9 9 9 9 9 9 9 9 9 9 9 9 9 9 9 9 9 9 9 9 9 9 9 9 9 9 9 9 9 9 9 9 9 9 9 9 9 9 9 9 9 9 9 9 9 9 9 9 9 9 9 9 9 9 9 9 9 9 9 9 9 9 9 9 9 9 9 9 9 9 9 9 9 9 9 9 9 9 9 9 9 9 9 9 9 9 9 9 9 9 9 9 9 9 9 9 9 9 9 9 9 9 9 9 9 9 9 9 9 9 9 9 9 9 9 9 9 9 9 9 9 9 9 9 1 1 0
Case #72: 239
1 1 1 1 1 1 1 1 1 1 1 1 1 1 1 1 1 1 1 1 1 1 1 1 1 1 1 1 1 1 1 1 1 1 1 1 1 1 1 1 1 1 1 1 1 1 1 1 1 1 1 1 1 1 1 1 1 1 1 1 1 1 1 1 1 1 1 1 1 1 1 1 1 1 1 1 1 1 1 1 1 1 1 1 1 1 1 1 1 1 1 1 1 1 1 1 1 1 1 1 1 1 1 1 1 1 1 1 1 1 1 1 1 1 1 1 1 1 1 1 1 1 1 1 1 1 1 1 1 1 1 1 1 1 1 1 1 1 1 1 1 1 1 1 1 1 1 1 1 1 1 1 1 1 1 1 1 1 1 1 1 1 1 1 1 1 1 1 1 1 1 1 1 1 1 1 1 1 1 1 1 1 1 1 1 1 1 1 1 1 1 1 1 1 1 1 1 1 1 1 1 1 1 1 1 1 1 1 1 1 1 1 1 1 1 1 1 1 1 1 1 1 1 1 1 1 1 1 1 1 1 1 1 1 1 1 1 1 1 0 0 0 0 0 0 0 0 0 0 0 0 0 0 0 0 0 0 0 0 0 0 0 0 0 0 0 0 0 0 0 0 0 0 0 0 0 0 0 0 0 0 0 0 0 0 0 0 0 0 0 0 0 0 0 0 0 0 0 0 0 0 0 0 0 0 0 0 0 0 0 0 0 0 0 0 0 0 0 0 0 0 0 0 0 0 0 0 0 0 0 0 0 0 0 0 0 0 0 0 0 0 0 0 0 0 0 0 0 0 0 0 0 0 0 0 0 0 0 0 0 0 0 0 0 0 0 0 0 0 0 0 0 0 0 0 0 0 0 0 0 0 0 0 0 0 0 0 0 0 0 0 0 0 0 0 0 0 0 0 0 0 0 0 0 0 0 0 0 0 0 0 0 0 0 0 0 0 0 0 0 0 0 0 0 0 0 0 0 0 0 0
Case #73: 642
2 2 2 2 2 2 2 2 2 2 2 2 2 2 2 2 2 2 2 2 2 2 2 2 2 2 2 2 2 2 2 2 2 2 2 2 2 2 2 2 2 2 2 2 2 2 2 2 2 2 2 2 2 2 2 2 2 2 2 2 2 2 2 2 2 2 2 2 2 2 2 2 2 2 2 2 2 2 2 2 2 2 2 2 2 2 2 2 2 2 2 2 2 2 2 2 2 2 2 2 2 2 2 2 2 2 2 2 2 2 2 2 2 2 2 2 2 2 2 2 2 2 2 2 2 2 2 2 2 2 2 2 2 2 2 2 2 2 2 2 2 2 2 2 2 2 2 2 2 2 2 2 2 2 2 2 2 2 2 2 2 2 2 2 2 2 2 2 2 2 2 2 2 2 2 2 1 1 1 1 1 1 1 1 1 1 1 1 1 1 1 1 1 1 1 1 1 1 1 1 1 1 1 1 1 1 1 1 1 1 1 1 1 1 1 1 1 1 1 1 1 1 1 1 1 1 1 1 1 1 1 1 1 1 1 1 1 1 1 1 1 1 1 1 1 1 1 1 1 1 1 1 1 1 1 1 1 1 1 1 1 1 1 1 1 1 1 1 1 1 1 1 1 1 1 1 1 1 1 1 1 1 1 1 1 1 1 1 1 1 1 1 1 1 1 1 1 1 1 1 1 1 1 1 1 1 1 1 1 1 1 1 1 1 1 1 1 1 1 1 1 1 1 1 1 1 1 1 1 1 1 1 1 1 1 1 1 1 1 1 1 1 1 1 1 1 1 1 1 1 1 1 1 1 1 1 1 1 1 1 1 1 1 1 1 1 1 1 1 1 1 1 1 1 1 1 1 1 1 1 1 1 1 1 1 1 1 1 1 1 1 1 1 1 1 1 1 1 1 1 1 1 1 1 1 1 1 1 1 1 1 1 1 1 1 1 1 1 1 1 1 1 1 1 1 1 1 1 1 1 1 1 1 1 1 1 1 1 1 1 1 1 1 1 1 1 1 1 1 1 1 1 1 1 1 1 1 1 1 1 1 1 1 1 1 1 0
Case #74: 420
1 1 1 1 1 1 1 1 1 1 1 1 1 1 1 1 1 1 1 1 1 1 1 1 1 1 1 1 1 1 1 1 1 1 1 1 1 1 1 1 1 1 1 1 1 1 1 1 1 1 1 1 1 1 1 1 1 1 1 1 1 1 1 1 1 1 1 1 1 1 1 1 1 1 1 1 1 1 1 1 1 1 1 1 1 1 1 1 1 1 1 1 1 1 1 1 1 1 1 1 1 1 1 1 1 1 1 1 1 1 1 1 1 1 1 1 1 1 1 1 1 1 1 1 1 1 1 1 1 1 1 1 1 1 1 1 1 1 1 1 1 1 1 1 1 1 1 1 1 1 1 1 1 1 1 1 1 1 1 1 1 1 1 1 1 1 1 1 1 1 1 1 1 1 1 1 1 1 1 1 1 1 1 1 1 1 1 1 1 1 1 1 1 1 1 1 1 1 1 1 1 1 1 1 1 1 1 1 1 1 1 1 1 1 1 1 1 1 1 1 1 1 1 1 1 1 1 1 1 1 1 1 1 1 1 1 1 1 1 1 1 1 1 1 1 1 1 1 1 1 1 1 1 1 1 1 1 1 1 1 1 1 1 1 1 1 1 1 1 1 1 1 1 1 1 1 1 1 1 1 1 1 1 1 1 1 1 1 1 1 1 1 1 1 1 1 1 1 1 1 1 1 1 1 1 1 1 1 1 1 1 1 1 1 1 1 1 1 1 1 1 1 1 1 1 1 1 1 1 1 1 1 1 1 1 1 1 1 1 1 1 1 1 1 1 1 1 1 1 1 1 1 1 1 1 1 1 1 1 1 1 1 1 1 1 1 1 1 1 1 1 1 1 1 1 1 1 1 1 1 1 1 1 1 1 1 1 1 1 1 1 1 1 1 1 1 1 1 1 1 1 1 1 1 1 1 1 1 1 1 1 1 1 1 1 1 1 1 1 1 0 0 0 0 0 0 0 0 0 0 0 0 0 0 0 0 0 0 0 0 0 0 0 0 0 0 0 0 0 0 0 0 0 0 0 0 0 0 0 0 0 0 0 0 0 0 0 0 0 0 0 0 0 0 0
Case #75: 2349
5 5 5 5 5 5 5 5 5 5 5 5 5 5 5 5 5 5 5 5 5 5 5 5 5 5 5 5 5 5 5 5 5 5 5 5 5 5 5 5 5 5 5 5 5 5 5 5 5 5 5 5 5 5 5 5 5 5 5 5 5 5 5 5 5 5 5 5 5 5 5 5 5 5 5 5 5 5 5 5 5 5 5 5 5 5 5 5 5 5 5 5 5 5 5 5 5 5 5 5 5 5 5 5 5 5 5 5 5 5 5 5 5 5 5 5 5 5 5 5 5 5 5 5 5 5 5 5 5 5 5 5 5 5 5 5 5 5 5 5 5 5 5 5 5 5 5 5 5 5 5 5 5 5 5 5 5 5 5 5 5 5 5 5 5 5 5 5 5 5 5 5 5 5 5 5 5 5 5 5 5 5 5 5 5 5 5 5 5 5 5 5 5 5 5 5 5 5 5 5 5 5 5 5 5 5 5 5 5 5 5 5 5 5 5 5 5 5 5 5 5 5 5 5 5 5 5 5 5 5 5 5 5 5 5 5 5 5 5 5 5 5 5 5 5 5 5 5 5 5 5 5 5 5 5 5 5 5 5 5 5 5 5 5 5 5 5 5 5 5 5 5 5 5 5 5 5 5 5 5 5 5 5 5 5 5 5 5 5 5 5 5 5 5 5 5 5 5 5 5 5 5 5 5 5 5 5 5 5 5 5 5 5 5 5 5 5 5 5 5 5 5 5 5 5 5 5 5 5 5 5 5 5 5 5 5 5 5 5 5 5 5 5 5 5 5 5 5 5 5 5 5 5 5 5 5 5 5 5 5 5 5 5 5 5 5 5 5 5 5 5 5 5 5 5 5 5 5 5 5 5 5 5 5 5 5 5 5 5 5 5 5 5 5 5 5 5 5 5 5 5 5 5 5 5 5 5 5 5 5 5 5 5 5 5 5 5 5 5 5 5 5 5 5 5 5 5 5 5 5 5 5 5 5 5 5 5 5 5 5 5 5 5 5 5 5 5 5 5 5 5 5 5 5 5 5 5 5 5 5 5 5 5 5 5 4 4 4 4 4 4 0 0 0 0 0 0 0 0 0 0 0 0 0 0 0 0 0 0 0 0 0
Case #76: 5201
12 12 12 12 12 12 12 12 12 12 12 12 12 12 12 12 12 12 12 12 12 12 12 12 12 12 12 12 12 12 12 12 12 12 12 12 12 12 12 12 12 12 12 12 12 12 12 12 12 12 12 12 12 12 12 12 12 12 12 12 12 12 12 12 12 12 12 12 12 12 12 12 12 12 12 12 12 12 12 12 12 12 12 12 12 12 12 12 12 12 12 12 12 12 12 12 12 12 12 12 12 12 12 12 12 12 12 12 12 12 12 12 12 12 12 12 12 12 12 12 12 12 12 12 12 12 12 12 12 12 12 12 12 12 12 12 12 12 12 12 12 12 12 12 12 12 12 12 12 12 12 12 12 12 12 12 12 12 12 12 12 12 12 12 12 12 12 12 12 12 12 12 12 12 12 12 12 12 12 12 12 12 12 12 12 12 12 12 12 12 12 12 12 12 12 12 12 12 12 12 12 12 12 12 12 12 12 12 12 12 12 12 12 12 12 12 12 12 12 12 12 12 12 12 12 12 12 12 12 12 12 12 12 12 12 12 12 12 12 12 12 12 12 12 12 12 12 12 12 12 12 12 12 12 12 12 12 12 12 12 12 12 12 12 12 12 12 12 12 12 12 12 12 12 12 12 12 12 12 12 12 12 12 12 12 12 12 12 12 12 12 12 12 12 12 12 12 12 12 12 12 12 12 12 12 12 12 12 12 12 12 12 12 12 12 12 12 12 12 12 12 12 12 12 12 12 12 12 12 12 12 12 12 12 12 12 12 12 12 12 12 12 12 12 12 12 12 12 12 12 12 12 12 12 12 12 12 12 12 12 12 12 12 12 12 12 12 12 12 12 12 12 12 12 12 12 12 12 12 12 12 12 12 12 12 12 12 12 12 12 12 12 12 12 12 12 12 12 12 12 12 12 12 12 12 11 11 11 11 11 11 11 11 11 11 11 11 11 11 11 11 11 11 11 11 11 11 11 11 11 11 11 11 11 11 11
Case #77: 2
1 1 0 0 0 0 0 0 0 0 0 0 0 0 0 0 0 0 0 0 0 0 0 0 0 0 0 0 0 0 0 0 0 0 0 0 0 0 0 0 0 0 0 0 0 0 0 0 0 0 0 0 0 0 0 0 0 0 0 0 0 0 0 0 0 0 0 0 0 0 0 0 0 0 0 0 0 0 0 0 0 0 0 0 0 0 0 0 0 0 0 0 0 0 0 0 0 0 0 0 0 0 0 0 0 0 0 0 0 0 0 0 0 0 0 0 0 0 0 0 0 0 0 0 0 0 0 0 0 0 0 0 0 0 0 0 0 0 0 0 0 0 0 0 0 0 0 0 0 0 0 0 0 0 0 0 0 0 0 0 0 0 0 0 0 0 0 0 0 0 0 0 0 0 0 0 0 0 0 0 0 0 0 0 0 0 0 0 0 0 0 0 0 0 0 0 0 0 0 0 0 0 0 0 0 0 0 0 0 0 0 0 0 0 0 0 0 0 0 0 0 0 0 0 0 0 0 0 0 0 0 0 0 0 0 0 0 0 0 0 0 0 0 0 0 0 0 0 0 0 0 0 0 0 0 0 0 0 0 0 0 0 0 0 0 0 0 0 0 0 0 0 0 0 0 0 0 0 0 0 0 0 0 0 0 0 0 0 0 0 0 0 0 0 0 0 0 0 0 0 0 0 0 0
Case #78: 31
1 1 1 1 1 1 1 1 1 1 1 1 1 1 1 1 1 1 1 1 1 1 1 1 1 1 1 1 1 1 1 0 0 0 0 0 0 0 0 0 0 0 0 0 0 0 0 0 0 0 0 0 0 0 0 0 0 0 0 0 0 0 0 0 0 0 0 0 0 0 0 0 0 0 0 0 0 0 0 0 0 0 0 0 0 0 0 0 0 0 0 0 0 0 0 0 0 0 0 0 0 0 0 0 0 0 0 0 0 0 0 0 0 0 0 0 0 0 0 0 0 0 0 0 0 0 0 0 0 0 0 0 0 0 0 0 0 0 0 0 0 0 0 0 0 0 0 0 0 0 0 0 0 0 0 0 0 0 0 0 0 0 0 0 0 0 0 0 0 0 0 0 0 0 0 0 0 0 0 0 0 0 0 0 0 0 0 0 0 0 0 0 0 0 0 0 0 0 0 0 0 0 0 0 0 0 0 0 0 0 0 0 0 0 0 0 0 0 0 0 0 0 0 0 0 0 0 0 0 0 0 0 0 0 0 0 0 0 0 0 0 0 0 0 0 0 0 0 0 0 0 0 0 0 0 0 0 0 0 0 0 0 0 0 0 0 0 0 0 0 0 0 0 0 0 0 0 0 0 0 0 0 0 0 0 0 0 0 0 0 0 0 0 0 0 0 0 0 0 0 0 0 0 0 0 0 0 0 0 0 0 0 0 0 0 0 0 0 0 0 0 0 0 0 0 0 0 0 0 0 0 0 0 0 0 0 0 0 0 0 0 0 0 0 0 0 0 0 0 0 0 0 0 0 0 0 0 0 0 0 0 0 0 0 0 0 0 0 0 0 0 0 0 0 0 0 0 0 0 0 0 0 0 0 0 0 0 0 0 0 0 0 0 0 0 0 0 0 0 0 0 0 0 0 0 0 0 0 0 0 0 0
Case #79: 7346963
18553 18553 18553 18553 18553 18553 18553 18553 18553 18553 18553 18553 18553 18553 18553 18553 18553 18553 18553 18553 18553 18553 18553 18553 18553 18553 18553 18553 18553 18553 18553 18553 18553 18553 18553 18553 18553 18553 18553 18553 18553 18553 18553 18553 18553 18553 18553 18553 18553 18553 18553 18553 18553 18553 18553 18553 18553 18553 18553 18553 18553 18553 18553 18553 18553 18553 18553 18553 18553 18553 18553 18553 18553 18553 18553 18553 18553 18553 18553 18553 18553 18553 18553 18553 18553 18553 18553 18553 18553 18553 18553 18553 18553 18553 18553 18553 18553 18553 18553 18553 18553 18553 18553 18553 18553 18553 18553 18553 18553 18553 18553 18553 18553 18553 18553 18553 18553 18553 18553 18553 18553 18553 18553 18553 18553 18553 18553 18553 18553 18553 18553 18553 18553 18553 18553 18553 18553 18553 18553 18553 18553 18553 18553 18553 18553 18553 18553 18553 18553 18553 18553 18553 18553 18553 18553 18553 18553 18553 18553 18553 18553 18553 18553 18553 18553 18553 18553 18553 18553 18553 18553 18553 18553 18553 18553 18553 18553 18553 18553 18553 18553 18553 18553 18553 18553 18553 18553 18553 18553 18553 18553 18553 18553 18553 18553 18553 18553 18553 18553 18553 18553 18553 18553 18553 18553 18553 18553 18553 18553 18553 18553 18553 18553 18553 18553 18553 18553 18553 18553 18553 18553 18553 18553 18553 18553 18553 18553 18553 18553 18553 18553 18553 18553 18553 18553 18553 18553 18553 18553 18553 18553 18553 18553 18553 18553 18553 18553 18553 18553 18553 18553 18553 18553 18553 18553 18553 18553 18553 18553 18553 18553 18553 18553 18553 18553 18553 18553 18553 18553 18553 18553 18553 18553 18553 18553 18553 18553 18553 18553 18553 18553 18553 18553 18553 18553 18553 18553 18553 18553 18553 18553 18553 18553 18553 18553 18553 18553 18553 18553 18553 18553 18553 18553 18553 18553 18553 18553 18553 18553 18553 18553 18553 18553 18553 18553 18553 18553 18553 18553 18553 18553 18553 18553 18553 18553 18553 18553 18553 18553 18553 18553 18553 18553 18553 18553 18553 18553 18553 18553 18553 18553 18553 18553 18553 18553 18553 18553 18553 18553 18553 18553 18553 18553 18553 18553 18553 18553 18553 18553 18553 18553 18553 18553 18553 18553 18553 18553 18553 18553 18553 18553 18553 18553 18553 18553 18553 18553 18553 18553 18553 18553 18553 18553 18553 18553 18553 18553 18553 18553 18553 18553 18553 18553 18553 18552 18529 0
Case #80: 5028850
10839 10839 10839 10839 10839 10839 10839 10839 10839 10839 10839 10839 10839 10839 10839 10839 10839 10839 10838 10838 10838 10838 10838 10838 10838 10838 10838 10838 10838 10838 10838 10838 10838 10838 10838 10838 10838 10838 10838 10838 10838 10838 10838 10838 10838 10838 10838 10838 10838 10838 10838 10838 10838 10838 10838 10838 10838 10838 10838 10838 10838 10838 10838 10838 10838 10838 10838 10838 10838 10838 10838 10838 10838 10838 10838 10838 10838 10838 10838 10838 10838 10838 10838 10838 10838 10838 10838 10838 10838 10838 10838 10838 10838 10838 10838 10838 10838 10838 10838 10838 10838 10838 10838 10838 10838 10838 10838 10838 10838 10838 10838 10838 10838 10838 10838 10838 10838 10838 10838 10838 10838 10838 10838 10838 10838 10838 10838 10838 10838 10838 10838 10838 10838 10838 10838 10838 10838 10838 10838 10838 10838 10838 10838 10838 10838 10838 10838 10838 10838 10838 10838 10838 10838 10838 10838 10838 10838 10838 10838 10838 10838 10838 10838 10838 10838 10838 10838 10838 10838 10838 10838 10838 10838 10838 10838 10838 10838 10838 10838 10838 10838 10838 10838 10838 10838 10838 10838 10838 10838 10838 10838 10838 10838 10838 10838 10838 10838 10838 10838 10838 10838 10838 10838 10838 10838 10838 10838 10838 10838 10838 10838 10838 10838 10838 10838 10838 10838 10838 10838 10838 10838 10838 10838 10838 10838 10838 10838 10838 10838 10838 10838 10838 10838 10838 10838 10838 10838 10838 10838 10838 10838 10838 10838 10838 10838 10838 10838 10838 10838 10838 10838 10838 10838 10838 10838 10838 10838 10838 10838 10838 10838 10838 10838 10838 10838 10838 10838 10838 10838 10838 10838 10838 10838 10838 10838 10838 10838 10838 10838 10838 10838 10838 10838 10838 10838 10838 10838 10838 10838 10838 10838 10838 10838 10838 10838 10838 10838 10838 10838 10838 10838 10838 10838 10838 10838 10838 10838 10838 10838 10838 10838 10838 10838 10838 10838 10838 10838 10838 10838 10838 10838 10838 10838 10838 10838 10838 10838 10838 10838 10838 10838 10838 10838 10838 10838 10838 10838 10838 10838 10838 10838 10838 10838 10838 10838 10838 10838 10838 10838 10838 10838 10838 10838 10838 10838 10838 10838 10838 10838 10838 10838 10838 10838 10838 10838 10838 10838 10838 10838 10838 10838 10838 10838 10838 10838 10838 10838 10838 10838 10838 10838 10838 10838 10838 10838 10838 10838 10838 10838 10838 10838 10838 10838 10838 10838 10838 10838 10838 10838 10838 10838 10838 10838 10838 10838 10838 10838 10838 10838 10838 10838 10838 10838 10838 10838 10838 10838 10838 10838 10838 10838 10838 10838 10838 10838 10838 10838 10838 10838 10838 10838 10838 10838 10838 10838 10838 10838 10838 10838 10838 10838 10838 10838 10838 10838 10838 10838 10838 10838 10838 10838 10838 10838 10838 10838 10838 10838 10838 10838 10838 10838 10838 10838 10838
Case #81: 4607690
10617 10617 10617 10617 10617 10617 10617 10617 10617 10617 10617 10617 10617 10617 10617 10617 10617 10617 10617 10617 10617 10617 10617 10617 10617 10617 10617 10617 10617 10617 10617 10617 10617 10617 10617 10617 10617 10617 10617 10617 10617 10617 10617 10617 10617 10617 10617 10617 10617 10617 10617 10617 10617 10617 10617 10617 10617 10617 10617 10617 10617 10617 10617 10617 10617 10617 10617 10617 10617 10617 10617 10617 10617 10617 10617 10617 10617 10617 10617 10617 10617 10617 10617 10617 10617 10617 10617 10617 10617 10617 10617 10617 10617 10617 10617 10617 10617 10617 10617 10617 10617 10617 10617 10617 10617 10617 10617 10617 10617 10617 10617 10617 10617 10617 10617 10617 10617 10617 10617 10617 10617 10617 10617 10617 10617 10617 10617 10617 10617 10617 10617 10617 10617 10617 10617 10617 10617 10617 10617 10617 10617 10617 10617 10617 10617 10617 10617 10617 10617 10617 10617 10617 10617 10617 10617 10617 10617 10617 10617 10617 10617 10617 10617 10617 10617 10617 10617 10617 10617 10617 10617 10617 10617 10617 10617 10617 10617 10617 10617 10617 10617 10617 10617 10617 10617 10617 10617 10617 10617 10617 10617 10617 10617 10617 10617 10617 10617 10617 10617 10617 10617 10617 10617 10617 10617 10617 10617 10617 10617 10617 10617 10617 10617 10617 10617 10617 10617 10617 10617 10617 10617 10617 10617 10617 10617 10617 10617 10617 10617 10617 10617 10617 10617 10617 10617 10617 10617 10617 10617 10617 10617 10617 10617 10617 10617 10617 10617 10617 10617 10617 10617 10617 10617 10617 10617 10617 10617 10617 10617 10617 10617 10617 10617 10617 10617 10617 10617 10617 10617 10617 10617 10617 10617 10617 10617 10617 10617 10617 10617 10617 10617 10617 10617 10617 10617 10617 10617 10617 10617 10617 10617 10617 10617 10617 10617 10617 10617 10617 10617 10617 10617 10617 10617 10617 10617 10617 10617 10617 10617 10617 10617 10617 10617 10617 10617 10617 10617 10617 10617 10617 10617 10617 10617 10617 10617 10617 10617 10617 10617 10617 10617 10617 10617 10617 10617 10617 10617 10617 10617 10617 10617 10617 10617 10617 10617 10617 10616 10616 10616 10616 10616 10616 10616 10616 10616 10616 10616 10616 10616 10616 10616 10616 10616 10616 10616 10616 10616 10616 10616 10616 10616 10616 10616 10616 10616 10616 10616 10616 10616 10616 10616 10616 10616 10616 10616 10616 10616 10616 10616 10616 10616 10616 10616 10616 10616 10616 10616 10616 10616 10616 10616 10616 10616 10616 10616 10616 10616 10616 10616 10616 10616 10616 10616 10616 10616 10616 10616 10616 10616 10616 10616 10616 10616 10616 10616 10616 10616 10616 10616 10616 10616 10616 10616 10616
Case #82: 18989
53 53 53 53 53 53 53 53 53 53 53 53 53 53 53 53 53 53 53 53 53 53 53 53 53 53 53 53 53 53 53 53 53 53 53 53 53 53 53 53 53 53 53 53 53 53 53 53 53 53 53 53 53 53 53 53 53 53 53 53 53 53 53 53 53 53 53 53 53 53 53 53 53 53 53 53 53 53 53 53 53 53 53 53 53 53 53 53 53 53 53 53 53 53 53 53 53 53 53 53 53 53 53 53 53 53 53 53 53 53 53 53 53 53 53 53 53 53 53 53 53 53 53 53 53 53 53 53 53 53 53 53 53 53 53 53 53 53 53 53 53 53 53 53 53 53 53 53 53 53 53 53 53 53 53 53 53 53 53 53 53 53 53 53 53 52 52 52 52 52 52 52 52 52 52 52 52 52 52 52 52 52 52 52 52 52 52 52 52 52 52 52 52 52 52 52 52 52 52 52 52 52 52 52 52 52 52 52 52 52 52 52 52 52 52 52 52 52 52 52 52 52 52 52 52 52 52 52 52 52 52 52 52 52 52 52 52 52 52 52 52 52 52 52 52 52 52 52 52 52 52 52 52 52 52 52 52 52 52 52 52 52 52 52 52 52 52 52 52 52 52 52 52 52 52 52 52 52 52 52 52 52 52 52 52 52 52 52 52 52 52 52 52 52 52 52 52 52 52 52 52 52 52 52 52 52 52 52 52 52 52 52 52 52 52 52 52 52 52 52 52 52 52 52 52 52 52 52 52 52 52 52 52 52 52 52 52 52 52 52 52 52 52 52 52 52 52 52 52 52 52 52 52 52 52 52 52 52 52 52 52 52
Case #83: 33085
81 81 81 81 81 81 81 81 81 81 81 81 81 81 81 81 81 81 81 81 81 81 81 81 81 81 81 81 81 81 81 81 81 81 81 81 81 81 81 81 81 81 81 81 81 81 81 81 81 81 81 81 81 81 81 81 81 81 81 81 81 81 81 81 81 81 81 81 81 81 81 81 81 81 81 81 81 81 81 81 81 81 81 81 81 81 81 81 81 81 81 81 81 81 81 81 81 81 81 81 81 81 81 81 81 81 81 81 81 81 81 81 81 81 81 81 81 81 81 81 81 81 81 81 81 81 81 81 81 81 81 81 81 81 81 81 81 81 81 81 81 81 81 81 81 81 81 81 81 81 81 81 81 81 81 81 81 81 81 81 81 81 81 81 81 81 81 81 81 81 81 81 81 81 81 81 81 81 81 81 81 81 81 81 81 81 81 81 81 81 81 81 81 81 81 81 81 81 81 81 81 81 81 81 81 81 81 81 81 81 81 81 81 81 81 81 81 81 81 81 81 81 81 81 81 81 81 81 81 81 81 81 81 81 81 81 81 81 81 81 81 81 81 81 81 81 81 81 81 81 81 81 81 81 81 81 81 81 81 81 81 81 81 81 81 81 81 81 81 81 81 81 81 81 81 81 81 81 81 81 81 81 81 81 81 81 81 81 81 81 81 81 81 81 81 81 81 81 81 81 81 81 81 81 81 81 81 81 81 81 81 81 81 81 81 81 81 81 81 81 81 81 81 81 81 81 81 81 81 81 81 81 81 81 81 81 81 81 81 81 81 81 81 81 81 81 81 81 81 81 81 81 81 81 81 81 81 81 81 81 81 81 81 81 81 81 81 81 81 81 81 81 81 81 81 81 81 81 81 81 81 81 81 81 81 81 81 81 81 81 81 81 81 81 76 73 73 73 73 73 73 73 73 73 73 73 73 73 73 73
Case #84: 82782
274 274 274 274 274 274 274 274 274 274 274 274 274 274 274 274 274 274 274 274 274 274 274 274 274 274 274 274 274 274 274 274 274 274 274 274 274 274 274 274 274 274 274 274 274 274 274 274 274 274 274 274 274 274 274 274 274 274 274 274 274 274 274 273 273 273 273 273 273 273 273 273 273 273 273 273 273 273 273 273 273 273 273 273 273 273 273 273 273 273 273 273 273 273 273 273 273 273 273 273 273 273 273 273 273 273 273 273 273 273 273 273 273 273 273 273 273 273 273 273 273 273 273 273 273 273 273 273 273 273 273 273 273 273 273 273 273 273 273 273 273 273 273 273 273 273 273 273 273 273 273 273 273 273 273 273 273 273 273 273 273 273 273 273 273 273 273 273 273 273 273 273 273 273 273 273 273 273 273 273 273 273 273 273 273 273 273 273 273 273 273 273 273 273 273 273 273 273 273 273 273 273 273 273 273 273 273 273 273 273 273 273 273 273 273 273 273 273 273 273 273 273 273 273 273 273 273 273 273 273 273 273 273 273 273 273 273 273 273 273 273 273 273 273 273 273 273 273 273 273 273 273 273 273 273 273 273 273 273 273 273 273 273 273 273 273 273 273 273 273 273 273 273 273 273 273 273 273 273 273 273 273 273 273 273 273 273 273 273 273 273 273 273 273 273 273 273 273 273 273 273 273 273
Case #85: 595704586
1388589 1388589 1388589 1388589 1388589 1388589 1388589 1388589 1388589 1388589 1388589 1388589 1388589 1388589 1388589 1388589 1388589 1388589 1388589 1388589 1388589 1388589 1388589 1388589 1388589 1388589 1388589 1388589 1388589 1388589 1388589 1388589 1388589 1388589 1388589 1388589 1388589 1388589 1388589 1388589 1388589 1388589 1388589 1388589 1388589 1388589 1388589 1388589 1388589 1388589 1388589 1388589 1388589 1388589 1388589 1388589 1388589 1388589 1388589 1388589 1388589 1388589 1388589 1388589 1388589 1388589 1388589 1388589 1388589 1388589 1388589 1388589 1388589 1388589 1388589 1388589 1388589 1388589 1388589 1388589 1388589 1388589 1388589 1388589 1388589 1388589 1388589 1388589 1388589 1388589 1388589 1388589 1388589 1388589 1388589 1388589 1388589 1388589 1388589 1388589 1388589 1388589 1388589 1388589 1388589 1388589 1388589 1388589 1388589 1388589 1388589 1388589 1388589 1388589 1388589 1388589 1388589 1388589 1388589 1388589 1388589 1388589 1388589 1388589 1388589 1388589 1388589 1388589 1388589 1388589 1388589 1388589 1388589 1388589 1388589 1388589 1388589 1388589 1388589 1388589 1388589 1388589 1388589 1388589 1388589 1388589 1388589 1388589 1388589 1388589 1388589 1388589 1388589 1388589 1388589 1388589 1388589 1388589 1388589 1388589 1388589 1388589 1388589 1388589 1388589 1388589 1388589 1388589 1388589 1388589 1388589 1388589 1388589 1388589 1388589 1388589 1388589 1388589 1388589 1388589 1388589 1388589 1388589 1388589 1388589 1388589 1388589 1388589 1388589 1388589 1388589 1388589 1388589 1388589 1388589 1388589 1388589 1388589 1388589 1388589 1388589 1388589 1388589 1388589 1388589 1388589 1388589 1388589 1388589 1388589 1388589 1388589 1388589 1388589 1388589 1388589 1388589 1388589 1388589 1388589 1388589 1388589 1388589 1388589 1388589 1388589 1388589 1388589 1388589 1388589 1388589 1388589 1388589 1388589 1388589 1388589 1388589 1388589 1388589 1388589 1388589 1388589 1388589 1388589 1388589 1388589 1388589 1388589 1388589 1388589 1388589 1388589 1388589 1388589 1388589 1388589 1388589 1388589 1388589 1388589 1388589 1388589 1388589 1388589 1388589 1388589 1388589 1388589 1388589 1388589 1388589 1388589 1388589 1388589 1388589 1388589 1388589 1388589 1388589 1388589 1388589 1388589 1388589 1388589 1388589 1388589 1388589 1388589 1388589 1388589 1388589 1388589 1388589 1388589 1388589 1388589 1388589 1388589 1388589 1388589 1388589 1388589 1388589 1388589 1388589 1388589 1388589 1388589 1388589 1388589 1388589 1388589 1388589 1388589 1388589 1388589 1388589 1388589 1388589 1388589 1388589 1388589 1388589 1388589 1388589 1388589 1388589 1388589 1388589 1388589 1388589 1388589 1388589 1388589 1388589 1388589 1388589 1388589 1388589 1388589 1388589 1388589 1388589 1388589 1388589 1388589 1388589 1388589 1388589 1388589 1388589 1388589 1388589 1388589 1388589 1388589 1388589 1388589 1388589 1388589 1388589 1388589 1388589 1388589 1388589 1388589 1388589 1388589 1388589 1388589 1388589 1388589 1388589 1388589 1388589 1388589 1388589 1388589 1388589 1388589 1388589 1388589 1388589 1388589 1388589 1388589 1388589 1388589 1388589 1388589 1388589 1388589 1388589 1388589 1388589 1388589 1388589 1388589 1388589 1388589 1388589 1388589 1388589 1388589 1388589 1388589 1388589 1388589 1388589 1388589 1388589 1388589 1388589 1388589 1388589 1388589 1388589 1388589 1388589 1388589 1388589 1388589 1388589 1388589 1388589 1388589 1388576 1388548 1388548 0
Case #86: 561546192
1134437 1134437 1134437 1134437 1134437 1134437 1134437 1134437 1134437 1134437 1134437 1134437 1134437 1134437 1134437 1134437 1134437 1134437 1134437 1134437 1134437 1134437 1134437 1134437 1134437 1134437 1134437 1134437 1134437 1134437 1134437 1134437 1134437 1134437 1134437 1134437 1134437 1134437 1134437 1134437 1134437 1134437 1134437 1134437 1134437 1134437 1134437 1134437 1134437 1134437 1134437 1134437 1134437 1134437 1134437 1134437 1134437 1134437 1134437 1134437 1134437 1134437 1134437 1134437 1134437 1134437 1134437 1134437 1134437 1134437 1134437 1134437 1134437 1134437 1134437 1134437 1134437 1134437 1134437 1134437 1134437 1134437 1134437 1134437 1134437 1134437 1134437 1134437 1134437 1134437 1134437 1134437 1134437 1134437 1134437 1134437 1134437 1134437 1134437 1134437 1134437 1134437 1134437 1134437 1134437 1134437 1134437 1134437 1134437 1134437 1134437 1134437 1134437 1134437 1134437 1134437 1134437 1134437 1134437 1134437 1134437 1134437 1134437 1134437 1134437 1134437 1134437 1134437 1134437 1134437 1134437 1134437 1134437 1134437 1134437 1134437 1134437 1134437 1134437 1134437 1134437 1134437 1134437 1134437 1134437 1134437 1134437 1134437 1134437 1134437 1134437 1134437 1134437 1134437 1134437 1134437 1134437 1134437 1134437 1134437 1134437 1134437 1134437 1134437 1134437 1134437 1134437 1134437 1134437 1134437 1134437 1134437 1134437 1134437 1134437 1134437 1134437 1134437 1134437 1134437 1134437 1134437 1134437 1134437 1134437 1134437 1134437 1134437 1134437 1134437 1134437 1134437 1134437 1134437 1134437 1134437 1134437 1134437 1134437 1134437 1134437 1134437 1134437 1134437 1134437 1134437 1134437 1134437 1134437 1134437 1134437 1134437 1134437 1134437 1134437 1134437 1134437 1134437 1134437 1134437 1134437 1134437 1134437 1134437 1134437 1134437 1134437 1134437 1134437 1134437 1134437 1134437 1134437 1134437 1134437 1134437 1134437 1134437 1134437 1134437 1134437 1134437 1134437 1134437 1134437 1134437 1134437 1134437 1134437 1134437 1134437 1134437 1134437 1134437 1134437 1134437 1134437 1134437 1134437 1134437 1134437 1134437 1134437 1134437 1134437 1134437 1134437 1134437 1134437 1134437 1134437 1134437 1134437 1134437 1134437 1134437 1134437 1134437 1134437 1134437 1134437 1134437 1134437 1134437 1134437 1134437 1134437 1134437 1134437 1134437 1134437 1134437 1134437 1134437 1134437 1134437 1134437 1134437 1134437 1134437 1134437 1134437 1134437 1134437 1134437 1134437 1134437 1134437 1134437 1134437 1134437 1134437 1134437 1134437 1134437 1134437 1134437 1134437 1134437 1134437 1134437 1134437 1134437 1134437 1134437 1134437 1134437 1134437 1134437 1134437 1134437 1134437 1134437 1134437 1134437 1134437 1134437 1134437 1134437 1134437 1134437 1134437 1134437 1134437 1134437 1134437 1134437 1134437 1134437 1134437 1134437 1134437 1134437 1134437 1134437 1134437 1134437 1134437 1134437 1134437 1134437 1134437 1134437 1134437 1134437 1134437 1134437 1134437 1134437 1134437 1134437 1134437 1134436 1134436 1134436 1134436 1134436 1134436 1134436 1134436 1134436 1134436 1134436 1134436 1134436 1134436 1134436 1134436 1134436 1134436 1134436 1134436 1134436 1134436 1134436 1134436 1134436 1134436 1134436 1134436 1134436 1134436 1134436 1134436 1134436 1134436 1134436 1134436 1134436 1134436 1134436 1134436 1134436 1134436 1134436 1134436 1134436 1134436 1134436 1134436 1134436 1134436 1134436 1134436 1134436 1134436 1134436 1134436 1134436 1134436 1134436 1134436 1134436 1134436 1134436 1134436 1134436 1134436 1134436 1134436 1134436 1134436 1134436 1134436 1134436 1134436 1134436 1134436 1134436 1134436 1134436 1134436 1134436 1134436 1134436 1134436 1134436 1134436 1134436 1134436 1134436 1134436 1134436 1134436 1134436 1134436 1134436 1134436 1134436 1134436 1134436 1134436 1134436 1134436 1134436 1134436 1134436 1134436 1134436 1134436 1134436 1134436 1134436 1134436 1134436 1134436 1134436 1134436 1134436 1134436 1134436 1134436 1134436 1134436 1134436
Case #87: 2
1 1 0 0 0 0 0 0 0 0 0 0 0 0 0 0 0 0 0 0 0 0 0 0 0 0 0 0 0 0 0 0 0 0 0 0 0 0 0 0 0 0 0 0 0 0 0 0 0 0 0 0 0 0 0 0 0 0 0 0 0 0 0 0 0 0 0 0 0 0 0 0 0 0 0 0 0 0 0 0 0 0 0 0 0 0 0 0 0 0 0 0 0 0 0 0 0 0 0 0 0 0 0 0 0 0 0 0 0 0 0 0 0 0 0 0 0 0 0 0 0 0 0 0 0 0 0 0 0 0 0 0 0 0 0 0 0 0 0 0 0 0 0 0 0 0 0 0 0 0 0 0 0 0 0 0 0 0 0 0 0 0 0 0 0 0 0 0 0 0 0 0 0 0 0 0 0 0 0 0 0 0 0 0 0 0 0 0 0 0 0 0 0 0 0 0 0 0 0 0 0 0 0 0 0 0 0 0 0 0 0 0 0 0 0 0 0 0 0 0 0 0 0 0 0 0 0 0 0 0 0 0 0 0 0 0 0 0 0 0 0 0 0 0 0 0 0 0 0 0 0 0 0 0 0 0 0 0 0 0 0 0 0 0 0 0 0 0 0 0 0 0 0 0 0 0 0 0 0 0 0 0 0 0 0 0 0 0 0 0 0 0 0 0 0 0 0 0 0 0 0 0 0 0 0 0 0 0 0 0 0 0 0 0 0 0 0 0 0 0 0 0 0 0 0 0 0 0 0 0 0 0 0 0 0 0 0 0 0 0 0 0 0
Case #88: 2
2 0 0 0 0 0 0 0 0 0 0 0 0 0 0 0 0 0 0 0 0 0 0 0 0 0 0 0 0 0 0 0 0 0 0 0 0 0 0 0 0 0 0 0 0 0 0 0 0 0 0 0 0 0 0 0 0 0 0 0 0 0 0 0 0 0 0 0 0 0 0 0 0 0 0 0 0 0 0 0 0 0 0 0 0 0 0 0 0 0 0 0 0 0 0 0 0 0 0 0 0 0 0 0 0 0 0 0 0 0 0 0 0 0 0 0 0 0 0 0 0 0
Case #89: 3
1 1 1 0 0 0 0 0 0 0 0 0 0 0 0 0 0 0 0 0 0 0 0 0 0 0 0 0 0 0 0 0 0 0 0 0 0 0 0 0 0 0 0 0 0 0 0 0 0 0 0 0 0 0 0 0 0 0 0 0 0 0 0 0 0 0 0 0 0 0 0 0 0 0 0 0 0 0 0 0 0 0 0 0 0 0 0 0 0 0 0 0 0 0 0 0 0 0 0 0 0 0 0 0 0 0 0 0 0 0 0 0 0 0 0 0 0 0 0 0 0 0 0 0 0 0 0 0 0 0 0 0 0 0 0 0 0 0 0 0 0 0 0 0 0 0 0 0 0 0 0 0 0 0 0
Case #90: 3
1 1 1 0 0 0 0 0 0 0 0 0 0 0 0 0 0 0 0 0 0 0 0 0 0 0 0 0 0 0 0 0 0 0 0 0 0 0 0 0 0 0 0 0 0 0 0 0 0 0 0 0 0 0 0 0 0 0 0 0 0 0 0 0 0 0 0 0 0 0 0 0 0 0 0 0 0 0 0 0 0 0 0 0 0 0 0 0 0 0 0 0 0 0 0 0 0 0 0 0 0 0 0
Case #91: 29985
87 87 87 87 87 87 87 87 87 87 87 87 87 87 87 87 87 87 87 87 87 87 87 87 87 87 87 87 87 87 87 87 87 87 87 87 87 87 87 87 87 87 87 87 87 87 87 87 87 87 87 87 87 87 87 87 87 87 87 87 87 87 87 87 87 87 87 87 87 87 87 87 87 87 87 87 87 87 87 87 87 87 87 87 87 87 87 87 87 87 87 87 87 87 87 87 87 87 87 87 87 87 87 87 87 87 87 87 87 87 87 87 87 87 87 87 87 87 87 87 87 87 87 87 87 87 87 87 87 87 87 87 87 87 87 87 87 87 87 87 87 87 87 87 87 87 87 87 87 87 87 87 87 87 87 87 87 87 87 87 87 87 87 87 87 87 87 87 87 87 87 87 87 87 87 87 87 87 87 87 87 87 87 87 87 87 87 87 87 87 87 87 87 87 87 87 87 87 87 87 87 87 87 87 87 87 87 87 87 87 87 87 87 87 87 87 87 87 87 87 87 87 87 87 87 87 87 87 87 87 87 87 87 87 87 87 87 87 87 87 87 87 87 87 87 87 87 87 87 87 87 87 87 87 87 87 87 87 87 87 87 87 87 87 87 87 87 87 87 87 87 87 87 87 87 87 87 87 87 87 87 87 87 87 87 87 87 87 87 87 87 87 87 87 87 87 87 87 87 87 87 87 87 87 87 87 87 87 87 87 87 87 87 87 87 87 87 87 87 87 87 87 87 87 87 87 87 87 87 87 87 87 87 87 87 87 87 87 87 87 87 87 87 72 72
Case #92: 78618
346 346 346 346 346 346 346 346 346 346 346 346 346 346 346 346 346 346 346 346 346 346 346 346 346 346 346 346 346 346 346 346 346 346 346 346 346 346 346 346 346 346 346 346 346 346 346 346 346 346 346 346 346 346 346 346 346 346 346 346 346 346 346 346 346 346 346 346 346 346 346 346 346 346 346 346 346 346 346 346 346 346 346 346 346 346 346 346 346 346 346 346 346 346 346 346 346 346 346 346 346 346 346 346 346 346 346 346 346 346 346 346 346 346 346 346 346 346 346 346 346 346 346 346 346 346 346 346 346 346 346 346 346 346 346 346 346 346 346 346 346 346 346 346 346 346 346 346 346 346 346 346 346 346 346 346 346 346 346 346 346 346 346 346 346 346 346 346 346 346 346 346 346 346 346 346 346 346 346 346 346 346 346 346 346 346 346 346 346 346 346 346 346 346 346 346 346 346 346 346 346 346 346 346 346 346 346 346 346 346 346 346 346 346 346 346 346 346 346 346 346 346 346 346 346 346 346 75 1
Case #93: 9907095
60043 60043 60043 60043 60043 60043 60043 60043 60043 60043 60043 60043 60043 60043 60043 60043 60043 60043 60043 60043 60043 60043 60043 60043 60043 60043 60043 60043 60043 60043 60043 60043 60043 60043 60043 60043 60043 60043 60043 60043 60043 60043 60043 60043 60043 60043 60043 60043 60043 60043 60043 60043 60043 60043 60043 60043 60043 60043 60043 60043 60043 60043 60043 60043 60043 60043 60043 60043 60043 60043 60043 60043 60043 60043 60043 60043 60043 60043 60043 60043 60043 60043 60043 60043 60043 60043 60043 60043 60043 60043 60043 60043 60043 60043 60043 60043 60043 60043 60043 60043 60043 60043 60043 60043 60043 60043 60043 60043 60043 60043 60043 60043 60043 60043 60043 60043 60043 60043 60043 60043 60043 60043 60043 60043 60043 60043 60043 60043 60043 60043 60043 60043 60043 60043 60043 60043 60043 60043 60043 60043 60043 60043 60043 60043 60043 60043 60043 60043 60043 60043 60043 60043 60043 60043 60043 60043 60043 60043 60043 60043 60043 60043 60043 60043 60043
Case #94: 8424442
24070 24070 24070 24070 24070 24070 24070 24070 24070 24070 24070 24070 24070 24070 24070 24070 24070 24070 24070 24070 24070 24070 24070 24070 24070 24070 24070 24070 24070 24070 24070 24070 24070 24070 24070 24070 24070 24070 24070 24070 24070 24070 24070 24070 24070 24070 24070 24070 24070 24070 24070 24070 24070 24070 24070 24070 24070 24070 24070 24070 24070 24070 24070 24070 24070 24070 24070 24070 24070 24070 24070 24070 24070 24070 24070 24070 24070 24070 24070 24070 24070 24070 24070 24070 24070 24070 24070 24070 24070 24070 24070 24070 24070 24070 24070 24070 24070 24070 24070 24070 24070 24070 24070 24070 24070 24070 24070 24070 24070 24070 24070 24070 24070 24070 24070 24070 24070 24070 24070 24070 24070 24070 24070 24070 24070 24070 24070 24070 24070 24070 24070 24070 24070 24070 24070 24070 24070 24070 24070 24070 24070 24070 24070 24070 24070 24070 24070 24070 24070 24070 24070 24070 24070 24070 24070 24070 24070 24070 24070 24070 24070 24070 24070 24070 24070 24070 24070 24070 24070 24070 24070 24070 24070 24070 24070 24070 24070 24070 24070 24070 24070 24070 24070 24070 24070 24070 24070 24070 24070 24070 24070 24070 24070 24070 24070 24070 24070 24070 24070 24070 24070 24070 24070 24070 24070 24070 24070 24070 24070 24070 24070 24070 24070 24070 24070 24070 24070 24070 24070 24070 24070 24070 24070 24070 24070 24070 24070 24070 24070 24070 24070 24070 24070 24070 24070 24070 24070 24070 24070 24070 24070 24070 24070 24070 24070 24070 24070 24070 24070 24070 24070 24070 24070 24070 24070 24070 24070 24070 24070 24070 24070 24070 24070 24070 24070 24070 24070 24070 24070 24070 24070 24070 24070 24070 24070 24070 24070 24070 24070 24070 24070 24070 24070 24070 24070 24070 24070 24070 24070 24070 24070 24070 24070 24070 24070 24070 24070 24070 24070 24070 24070 24070 24070 24070 24070 24070 24070 24070 24070 24070 24070 24070 24070 24070 24070 24070 24070 24070 24070 24070 24070 24070 24070 24070 24070 24070 24070 24070 24070 24070 24067 24067 24067 24067 24067 24067 24067 24067 24067 24067 24067 24067 24067 24067 24067 24067 24067 24067 24067 24067 1 1
Case #95: 14683851
107181 107181 107181 107181 107181 107181 107181 107181 107181 107181 107181 107181 107181 107181 107181 107181 107181 107181 107181 107181 107181 107181 107181 107181 107181 107181 107181 107181 107181 107181 107181 107181 107181 107181 107181 107181 107181 107181 107181 107181 107181 107181 107181 107181 107181 107181 107181 107181 107181 107181 107181 107181 107181 107181 107181 107181 107181 107181 107181 107181 107181 107181 107181 107181 107181 107181 107181 107181 107181 107181 107181 107181 107181 107181 107181 107181 107181 107181 107181 107181 107181 107181 107181 107181 107181 107181 107181 107181 107181 107181 107181 107181 107181 107181 107181 107181 107181 107181 107181 107181 107181 107181 107181 107181 107181 107181 107181 107181 107181 107181 107181 107181 107181 107181 107181 107181 107181 107181 107181 107181 107181 107181 107181 107181 107181 107181 107181 107181 107181 107181 107181 107181 107181 107181 107181 107181 107181 27 27
Case #96: 17237339
91688 91688 91688 91688 91688 91688 91688 91688 91688 91688 91688 91688 91688 91688 91688 91688 91688 91688 91688 91688 91688 91688 91688 91688 91688 91688 91688 91688 91688 91688 91688 91688 91688 91688 91688 91688 91688 91688 91688 91688 91688 91688 91688 91688 91688 91688 91688 91688 91688 91688 91688 91688 91688 91688 91688 91688 91688 91688 91688 91688 91688 91688 91688 91688 91688 91688 91688 91688 91688 91688 91688 91688 91688 91688 91688 91688 91688 91688 91688 91688 91688 91688 91688 91688 91688 91688 91688 91688 91688 91688 91688 91688 91688 91688 91688 91688 91688 91688 91688 91688 91688 91688 91688 91688 91688 91688 91688 91688 91688 91688 91688 91688 91688 91688 91688 91688 91688 91688 91688 91688 91688 91688 91688 91688 91688 91688 91688 91688 91688 91688 91688 91688 91688 91688 91688 91688 91688 91688 91688 91688 91688 91688 91688 91688 91688 91688 91688 91688 91688 91688 91688 91688 91688 91688 91688 91688 91688 91688 91688 91688 91688 91688 91688 91688 91688 91688 91688 91688 91688 91688 91688 91688 91688 91688 91688 91688 91688 91688 91688 91688 91688 91688 91688 91688 91688 91687 91686 91686
Case #97: 621609
3062 3062 3062 3062 3062 3062 3062 3062 3062 3062 3062 3062 3062 3062 3062 3062 3062 3062 3062 3062 3062 3062 3062 3062 3062 3062 3062 3062 3062 3062 3062 3062 3062 3062 3062 3062 3062 3062 3062 3062 3062 3062 3062 3062 3062 3062 3062 3062 3062 3062 3062 3062 3062 3062 3062 3062 3062 3062 3062 3062 3062 3062 3062 3062 3062 3062 3062 3062 3062 3062 3062 3062 3062 3062 3062 3062 3062 3062 3062 3062 3062 3062 3062 3062 3062 3062 3062 3062 3062 3062 3062 3062 3062 3062 3062 3062 3062 3062 3062 3062 3062 3062 3062 3062 3062 3062 3062 3062 3062 3062 3062 3062 3062 3062 3062 3062 3062 3062 3062 3062 3062 3062 3062 3062 3062 3062 3062 3062 3062 3062 3062 3062 3062 3062 3062 3062 3062 3062 3062 3062 3062 3062 3062 3062 3062 3062 3062 3062 3062 3062 3062 3062 3062 3062 3062 3062 3062 3062 3062 3062 3062 3062 3062 3062 3062 3062 3062 3062 3062 3062 3062 3062 3062 3062 3062 3062 3062 3062 3062 3062 3062 3062 3062 3062 3062 3062 3062 3062 3062 3062 3062 3062 3062 3062 3062 3062 3062 3062 3062 3062 3062 3062 3062 4 4 4 4 4 3
Case #98: 389269
803 803 803 803 803 803 803 803 803 803 803 803 803 803 803 803 803 803 803 803 803 803 803 803 803 803 803 803 803 803 803 803 803 803 803 803 803 803 803 803 803 803 803 803 803 803 803 803 803 803 803 803 803 803 803 803 803 803 803 803 803 803 803 803 803 803 803 803 803 803 803 803 803 803 803 803 803 803 803 803 803 803 803 803 803 803 803 803 803 803 803 803 803 803 803 803 803 803 803 803 803 803 803 803 803 803 803 803 803 803 803 803 803 803 803 803 803 803 803 803 803 803 803 803 803 803 803 803 803 803 803 803 803 803 803 803 803 803 803 803 803 803 803 803 803 803 803 803 803 803 803 803 803 803 803 803 803 803 803 803 803 803 803 803 803 803 803 803 803 803 803 803 803 803 803 803 803 803 803 803 803 803 803 803 803 803 803 803 803 803 803 803 803 803 803 803 803 803 803 803 803 803 803 803 803 803 803 803 803 803 803 803 803 803 803 803 803 803 803 803 803 803 803 803 803 803 803 803 803 803 803 803 803 803 803 803 803 803 803 803 803 803 803 803 803 803 803 803 803 803 803 803 803 803 803 803 803 803 803 803 803 803 803 803 803 803 803 803 803 803 803 803 803 803 803 803 803 803 803 803 803 803 803 803 803 803 803 803 803 803 803 803 803 803 803 803 803 803 803 802 802 802 802 802 802 802 802 802 802 802 802 802 802 802 802 802 802 802 802 802 802 802 802 802 802 802 802 802 802 802 802 802 802 802 802 802 802 802 802 802 802 802 802 802 802 802 802 802 802 802 802 802 802 802 802 802 802 802 802 802 802 802 802 802 802 802 802 802 802 802 802 802 802 802 802 802 802 802 802 802 802 802 802 802 802 802 802 802 802 802 802 802 802 802 802 802 802 802 802 802 802 802 802 802 802 802 802 802 802 802 802 802 802 802 802 802 802 802 802 802 802 802 802 802 802 802 802 802 802 802 802 802 802 802 802 802 802 802 802 802 802 802 802 802 802 802 802 802 802 802 802 802 802 802 802 802 802 802 802 802 802 802 802 802 802 802 802 802 802 802 802 802 802 802 802 802 802 802 802 802 802 802 802 802 802
Case #99: 891251
2676 2676 2676 2676 2676 2676 2676 2676 2676 2676 2676 2676 2676 2676 2676 2676 2676 2676 2676 2676 2676 2676 2676 2676 2676 2676 2676 2676 2676 2676 2676 2676 2676 2676 2676 2676 2676 2676 2676 2676 2676 2676 2676 2676 2676 2676 2676 2676 2676 2676 2676 2676 2676 2676 2676 2676 2676 2676 2676 2676 2676 2676 2676 2676 2676 2676 2676 2676 2676 2676 2676 2676 2676 2676 2676 2676 2676 2676 2676 2676 2676 2676 2676 2676 2676 2676 2676 2676 2676 2676 2676 2676 2676 2676 2676 2676 2676 2676 2676 2676 2676 2676 2676 2676 2676 2676 2676 2676 2676 2676 2676 2676 2676 2676 2676 2676 2676 2676 2676 2676 2676 2676 2676 2676 2676 2676 2676 2676 2676 2676 2676 2676 2676 2676 2676 2676 2676 2676 2676 2676 2676 2676 2676 2676 2676 2676 2676 2676 2676 2676 2676 2676 2676 2676 2676 2676 2676 2676 2676 2676 2676 2676 2676 2676 2676 2676 2676 2676 2676 2676 2676 2676 2676 2676 2676 2676 2676 2676 2676 2676 2676 2676 2676 2676 2676 2676 2676 2676 2676 2676 2676 2676 2676 2676 2676 2676 2676 2676 2676 2676 2676 2676 2676 2676 2676 2676 2676 2676 2676 2676 2676 2676 2676 2676 2676 2676 2676 2676 2676 2676 2676 2676 2676 2676 2676 2676 2676 2676 2676 2676 2676 2676 2676 2676 2676 2676 2676 2676 2676 2676 2676 2676 2676 2676 2676 2676 2676 2676 2676 2676 2676 2676 2676 2676 2676 2676 2676 2676 2676 2676 2676 2676 2676 2676 2676 2676 2676 2676 2676 2676 2676 2676 2676 2676 2676 2676 2676 2676 2676 2676 2676 2676 2676 2676 2676 2676 2676 2676 2676 2676 2676 2676 2676 2676 2676 2676 2676 2676 2676 2676 2676 2676 2676 2676 2676 2676 2676 2676 2676 2676 2676 2676 2676 2676 2676 2676 2676 2676 2676 2676 2676 2676 2676 2676 2676 2676 2676 2676 2676 2676 2676 2676 2676 143
Case #100: 1425229
7423 7423 7423 7423 7423 7423 7423 7423 7423 7423 7423 7423 7423 7423 7423 7423 7423 7423 7423 7423 7423 7423 7423 7423 7423 7423 7423 7423 7423 7423 7423 7423 7423 7423 7423 7423 7423 7423 7423 7423 7423 7423 7423 7423 7423 7423 7423 7423 7423 7423 7423 7423 7423 7423 7423 7423 7423 7423 7423 7423 7423 7423 7423 7423 7423 7423 7423 7423 7423 7423 7423 7423 7423 7423 7423 7423 7423 7423 7423 7423 7423 7423 7423 7423 7423 7423 7423 7423 7423 7423 7423 7423 7423 7423 7423 7423 7423 7423 7423 7423 7423 7423 7423 7423 7423 7423 7423 7423 7423 7423 7423 7423 7423 7423 7423 7423 7423 7423 7423 7423 7423 7423 7423 7423 7423 7423 7423 7423 7423 7423 7423 7423 7423 7423 7423 7423 7423 7423 7423 7423 7423 7423 7423 7423 7423 7423 7423 7423 7423 7423 7423 7423 7423 7423 7423 7423 7423 7423 7423 7423 7423 7423 7423 7423 7423 7423 7423 7423 7423 7423 7423 7423 7423 7423 7423 7423 7423 7423 7423 7423 7423 7423 7423 7423 7423 7423 7423 7423 7423 7423 7423 7423 7 6
Case #101: 270614
1132 1132 1132 1132 1132 1132 1132 1132 1132 1132 1132 1132 1132 1132 1132 1132 1132 1132 1132 1132 1132 1132 1132 1132 1132 1132 1132 1132 1132 1132 1132 1132 1132 1132 1132 1132 1132 1132 1132 1132 1132 1132 1132 1132 1132 1132 1132 1132 1132 1132 1132 1132 1132 1132 1132 1132 1132 1132 1132 1132 1132 1132 1132 1132 1132 1132 1132 1132 1132 1132 1132 1132 1132 1132 1132 1132 1132 1132 1132 1132 1132 1132 1132 1132 1132 1132 1132 1132 1132 1132 1132 1132 1132 1132 1132 1132 1132 1132 1132 1132 1132 1132 1132 1132 1132 1132 1132 1132 1132 1132 1132 1132 1132 1132 1132 1132 1132 1132 1132 1132 1132 1132 1132 1132 1132 1132 1132 1132 1132 1132 1132 1132 1132 1132 1132 1132 1132 1132 1132 1132 1132 1132 1132 1132 1132 1132 1132 1132 1132 1132 1132 1132 1132 1132 1132 1132 1132 1132 1132 1132 1132 1132 1132 1132 1132 1132 1132 1132 1132 1132 1132 1132 1132 1132 1132 1132 1132 1132 1132 1132 1132 1132 1132 1132 1132 1132 1132 1132 1132 1132 1132 1132 1132 1132 1132 1132 1132 1132 1132 1132 1132 1132 1132 1132 1132 1132 1132 1132 1132 1132 1132 1132 1132 1132 1132 1132 1132 1132 1132 1132 1132 1132 1132 1132 1132 1132 1132 1132 1132 1132 1132 1132 1132 1132 1132 1132 1132 1132 1132 17 17 16 16
Case #102: 727528
2736 2736 2736 2736 2736 2736 2736 2736 2736 2736 2736 2736 2736 2736 2736 2736 2736 2736 2735 2735 2735 2735 2735 2735 2735 2735 2735 2735 2735 2735 2735 2735 2735 2735 2735 2735 2735 2735 2735 2735 2735 2735 2735 2735 2735 2735 2735 2735 2735 2735 2735 2735 2735 2735 2735 2735 2735 2735 2735 2735 2735 2735 2735 2735 2735 2735 2735 2735 2735 2735 2735 2735 2735 2735 2735 2735 2735 2735 2735 2735 2735 2735 2735 2735 2735 2735 2735 2735 2735 2735 2735 2735 2735 2735 2735 2735 2735 2735 2735 2735 2735 2735 2735 2735 2735 2735 2735 2735 2735 2735 2735 2735 2735 2735 2735 2735 2735 2735 2735 2735 2735 2735 2735 2735 2735 2735 2735 2735 2735 2735 2735 2735 2735 2735 2735 2735 2735 2735 2735 2735 2735 2735 2735 2735 2735 2735 2735 2735 2735 2735 2735 2735 2735 2735 2735 2735 2735 2735 2735 2735 2735 2735 2735 2735 2735 2735 2735 2735 2735 2735 2735 2735 2735 2735 2735 2735 2735 2735 2735 2735 2735 2735 2735 2735 2735 2735 2735 2735 2735 2735 2735 2735 2735 2735 2735 2735 2735 2735 2735 2735 2735 2735 2735 2735 2735 2735 2735 2735 2735 2735 2735 2735 2735 2735 2735 2735 2735 2735 2735 2735 2735 2735 2735 2735 2735 2735 2735 2735 2735 2735 2735 2735 2735 2735 2735 2735 2735 2735 2735 2735 2735 2735 2735 2735 2735 2735 2735 2735 2735 2735 2735 2735 2735 2735 2735 2735 2735 2735 2735 2735 2735 2735 2735 2735 2735 2735
Case #103: 1104476871
3192130 3192130 3192130 3192130 3192130 3192130 3192130 3192130 3192130 3192130 3192130 3192130 3192130 3192130 3192130 3192130 3192130 3192130 3192130 3192130 3192130 3192130 3192130 3192130 3192130 3192130 3192130 3192130 3192130 3192130 3192130 3192130 3192130 3192130 3192130 3192130 3192130 3192130 3192130 3192130 3192130 3192130 3192130 3192130 3192130 3192130 3192130 3192130 3192130 3192130 3192130 3192130 3192130 3192130 3192130 3192130 3192130 3192130 3192130 3192130 3192130 3192130 3192130 3192130 3192130 3192130 3192130 3192130 3192130 3192130 3192130 3192130 3192130 3192130 3192130 3192130 3192130 3192130 3192130 3192130 3192130 3192130 3192130 3192130 3192130 3192130 3192130 3192130 3192130 3192130 3192130 3192130 3192130 3192130 3192130 3192130 3192130 3192130 3192130 3192130 3192130 3192130 3192130 3192130 3192130 3192130 3192130 3192130 3192130 3192130 3192130 3192130 3192130 3192130 3192130 3192130 3192130 3192130 3192130 3192130 3192130 3192130 3192130 3192130 3192130 3192130 3192130 3192130 3192130 3192130 3192130 3192130 3192130 3192130 3192130 3192130 3192130 3192130 3192130 3192130 3192130 3192130 3192130 3192130 3192130 3192130 3192130 3192130 3192130 3192130 3192130 3192130 3192130 3192130 3192130 3192130 3192130 3192130 3192130 3192130 3192130 3192130 3192130 3192130 3192130 3192130 3192130 3192130 3192130 3192130 3192130 3192130 3192130 3192130 3192130 3192130 3192130 3192130 3192130 3192130 3192130 3192130 3192130 3192130 3192130 3192130 3192130 3192130 3192130 3192130 3192130 3192130 3192130 3192130 3192130 3192130 3192130 3192130 3192130 3192130 3192130 3192130 3192130 3192130 3192130 3192130 3192130 3192130 3192130 3192130 3192130 3192130 3192130 3192130 3192130 3192130 3192130 3192130 3192130 3192130 3192130 3192130 3192130 3192130 3192130 3192130 3192130 3192130 3192130 3192130 3192130 3192130 3192130 3192130 3192130 3192130 3192130 3192129 3192129 3192129 3192129 3192129 3192129 3192129 3192129 3192129 3192129 3192129 3192129 3192129 3192129 3192129 3192129 3192129 3192129 3192129 3192129 3192129 3192129 3192129 3192129 3192129 3192129 3192129 3192129 3192129 3192129 3192129 3192129 3192129 3192129 3192129 3192129 3192129 3192129 3192129 3192129 3192129 3192129 3192129 3192129 3192129 3192129 3192129 3192129 3192129 3192129 3192129 3192129 3192129 3192129 3192129 3192129 3192129 3192129 3192129 3192129 3192129 3192129 3192129 3192129 3192129 3192129 3192129 3192129 3192129 3192129 3192129 3192129 3192129 3192129 3192129 3192129 3192129 3192129 3192129 3192129 3192129 3192129 3192129 3192129 3192129 3192129 3192129 3192129 3192129 3192129 3192129 3192129 3192129 3192129 3192129 3192129 3192129 3192129 3192129 3192129 3192129 3192129 3192129 3192129 3192129 3192129 3192129 3192129 3192129 0 0
Case #104: 1883373522
11210557 11210557 11210557 11210557 11210557 11210557 11210557 11210557 11210557 11210557 11210557 11210557 11210557 11210557 11210557 11210557 11210557 11210557 11210557 11210557 11210557 11210557 11210557 11210557 11210557 11210557 11210557 11210557 11210557 11210557 11210557 11210557 11210557 11210557 11210557 11210557 11210557 11210557 11210557 11210557 11210557 11210557 11210557 11210557 11210557 11210557 11210557 11210557 11210557 11210557 11210557 11210557 11210557 11210557 11210557 11210557 11210557 11210557 11210557 11210557 11210557 11210557 11210557 11210557 11210557 11210557 11210557 11210557 11210557 11210557 11210557 11210557 11210557 11210557 11210557 11210557 11210557 11210557 11210557 11210557 11210557 11210557 11210557 11210557 11210557 11210557 11210557 11210557 11210557 11210557 11210557 11210557 11210557 11210557 11210557 11210557 11210557 11210557 11210557 11210557 11210557 11210557 11210557 11210557 11210557 11210557 11210557 11210557 11210557 11210557 11210557 11210557 11210557 11210557 11210557 11210557 11210557 11210557 11210557 11210557 11210557 11210557 11210557 11210557 11210557 11210557 11210557 11210557 11210557 11210557 11210557 11210557 11210557 11210557 11210557 11210557 11210557 11210557 11210557 11210557 11210557 11210557 11210557 11210555 11210555 11210555 11210555 11210555 11210555 11210555 11210555 11210555 11210555 11210555 11210555 11210555 11210555 11210555 11210555 11210555 11210555 11210555 11210555 11210555 11210554 11210554 11210554 11210554
Case #105: 714818371
2473420 2473420 2473420 2473420 2473420 2473420 2473420 2473420 2473420 2473420 2473420 2473420 2473420 2473420 2473420 2473420 2473420 2473420 2473420 2473420 2473420 2473420 2473420 2473420 2473420 2473420 2473420 2473420 2473420 2473420 2473420 2473420 2473420 2473420 2473420 2473420 2473420 2473420 2473420 2473420 2473420 2473420 2473420 2473420 2473420 2473420 2473420 2473420 2473420 2473420 2473420 2473420 2473420 2473420 2473420 2473420 2473420 2473420 2473420 2473420 2473420 2473420 2473420 2473420 2473420 2473420 2473420 2473420 2473420 2473420 2473420 2473420 2473420 2473420 2473420 2473420 2473420 2473420 2473420 2473420 2473420 2473420 2473420 2473420 2473420 2473420 2473420 2473420 2473420 2473420 2473420 2473420 2473420 2473420 2473420 2473420 2473420 2473420 2473420 2473420 2473420 2473420 2473420 2473420 2473420 2473420 2473420 2473420 2473420 2473420 2473420 2473420 2473420 2473420 2473420 2473420 2473420 2473420 2473420 2473420 2473420 2473420 2473420 2473420 2473420 2473420 2473420 2473420 2473420 2473420 2473420 2473420 2473420 2473420 2473420 2473420 2473420 2473420 2473420 2473420 2473420 2473420 2473420 2473420 2473420 2473420 2473420 2473420 2473420 2473420 2473420 2473420 2473420 2473420 2473420 2473420 2473420 2473420 2473420 2473420 2473420 2473420 2473420 2473420 2473420 2473420 2473420 2473420 2473420 2473420 2473420 2473420 2473420 2473420 2473420 2473420 2473420 2473420 2473420 2473420 2473420 2473420 2473420 2473420 2473420 2473420 2473420 2473420 2473420 2473420 2473420 2473420 2473420 2473420 2473420 2473420 2473420 2473420 2473420 2473420 2473420 2473420 2473420 2473420 2473420 2473420 2473420 2473420 2473420 2473420 2473420 2473420 2473420 2473420 2473420 2473420 2473420 2473420 2473420 2473420 2473420 2473420 2473420 2473420 2473420 2473420 2473420 2473420 2473420 2473420 2473420 2473420 2473420 2473420 2473420 2473420 2473420 2473420 2473420 2473420 2473420 2473420 2473420 2473420 2473420 2473420 2473420 2473420 2473420 2473420 2473420 2473420 2473420 2473420 2473420 2473420 2473420 2473420 2473420 2473420 2473420 2473420 2473420 2473420 2473420 2473420 2473420 2473420 2473420 2473420 2473420 2473420 2473420 2473420 2473420 2473420 2473420 2473420 2473420 2473420 2473419 2473419 2473419 2473419 2473419 2473419 2473419 2473419 2473419
Case #106: 1791392914
8255267 8255267 8255267 8255267 8255267 8255267 8255267 8255267 8255267 8255267 8255267 8255267 8255267 8255267 8255267 8255267 8255267 8255267 8255267 8255267 8255267 8255267 8255267 8255267 8255267 8255267 8255267 8255267 8255267 8255267 8255267 8255267 8255267 8255267 8255267 8255267 8255267 8255267 8255267 8255267 8255267 8255267 8255267 8255267 8255267 8255267 8255267 8255267 8255267 8255267 8255267 8255267 8255267 8255267 8255267 8255267 8255267 8255267 8255267 8255267 8255267 8255267 8255267 8255267 8255267 8255267 8255267 8255267 8255267 8255267 8255267 8255267 8255267 8255267 8255267 8255267 8255267 8255267 8255267 8255267 8255267 8255267 8255267 8255267 8255267 8255267 8255267 8255267 8255267 8255267 8255267 8255267 8255267 8255267 8255267 8255267 8255267 8255267 8255267 8255267 8255267 8255267 8255267 8255267 8255267 8255267 8255267 8255267 8255267 8255267 8255267 8255267 8255267 8255267 8255267 8255267 8255267 8255267 8255267 8255267 8255267 8255267 8255267 8255267 8255267 8255267 8255267 8255267 8255267 8255267 8255267 8255267 8255267 8255267 8255267 8255267 8255267 8255267 8255267 8255267 8255267 8255267 8255267 8255267 8255267 8255267 8255267 8255267 8255267 8255267 8255267 8255267 8255267 8255267 8255267 8255267 8255267 8255267 8255267 8255267 8255267 8255267 8255267 8255267 8255267 8255267 8255267 8255267 8255267 8255267 8255267 8255267 8255267 8255267 8255267 8255267 8255267 8255267 8255267 8255267 8255267 8255267 8255267 8255267 8255267 8255267 8255267 8255267 8255267 8255267 8255267 8255267 8255266 8255266 8255266 8255266 8255266 8255266 8255266 8255266 8255266 8255266 8255266 8255266 8255266 8255266 8255266 8255266 8255266 8255266 8255266 8255266 8255266 8255266 8255266 8255266 8255266
Case #107: 89401
299 299 299 299 299 299 299 299 299 299 299 299 299 299 299 299 299 299 299 299 299 299 299 299 299 299 299 299 299 299 299 299 299 299 299 299 299 299 299 299 299 299 299 299 299 299 299 299 299 299 299 299 299 299 299 299 299 299 299 299 299 299 299 299 299 299 299 299 299 299 299 299 299 299 299 299 299 299 299 299 299 299 299 299 299 299 299 299 299 299 299 299 299 299 299 299 299 299 299 299 299 299 299 299 299 299 299 299 299 299 299 299 299 299 299 299 299 299 299 299 299 299 299 299 299 299 299 299 299 299 299 299 299 299 299 299 299 299 299 299 299 299 299 299 299 299 299 299 299 299 299 299 299 299 299 299 299 299 299 299 299 299 299 299 299 299 299 299 299 299 299 299 299 299 299 299 299 299 299 299 299 299 299 299 299 299 299 299 299 299 299 299 299 299 299 299 299 299 299 299 299 299 299 299 299 299 299 299 299 299 299 299 299 299 299 299 299 299 299 299 299 299 299 299 299 299 299 299 299 299 299 299 299 299 299 299 299 299 299 299 299 299 299 299 299 299 299 299 299 299 299 299 299 299 299 299 299 299 299 299 299 299 299 299 299 299 299 299 299 299 299 299 299 299 299 299 299 299 299 299 299 299 299 299 299 299 299 299 299 299 299 299 299 299 299 299 299 299 299 0
Case #108: 121801
349 349 349 349 349 349 349 349 349 349 349 349 349 349 349 349 349 349 349 349 349 349 349 349 349 349 349 349 349 349 349 349 349 349 349 349 349 349 349 349 349 349 349 349 349 349 349 349 349 349 349 349 349 349 349 349 349 349 349 349 349 349 349 349 349 349 349 349 349 349 349 349 349 349 349 349 349 349 349 349 349 349 349 349 349 349 349 349 349 349 349 349 349 349 349 349 349 349 349 349 349 349 349 349 349 349 349 349 349 349 349 349 349 349 349 349 349 349 349 349 349 349 349 349 349 349 349 349 349 349 349 349 349 349 349 349 349 349 349 349 349 349 349 349 349 349 349 349 349 349 349 349 349 349 349 349 349 349 349 349 349 349 349 349 349 349 349 349 349 349 349 349 349 349 349 349 349 349 349 349 349 349 349 349 349 349 349 349 349 349 349 349 349 349 349 349 349 349 349 349 349 349 349 349 349 349 349 349 349 349 349 349 349 349 349 349 349 349 349 349 349 349 349 349 349 349 349 349 349 349 349 349 349 349 349 349 349 349 349 349 349 349 349 349 349 349 349 349 349 349 349 349 349 349 349 349 349 349 349 349 349 349 349 349 349 349 349 349 349 349 349 349 349 349 349 349 349 349 349 349 349 349 349 349 349 349 349 349 349 349 349 349 349 349 349 349 349 349 349 349 349 349 349 349 349 349 349 349 349 349 349 349 349 349 349 349 349 349 349 349 349 349 349 349 349 349 349 349 349 349 349 349 349 349 349 349 349 349 349 349 349 349 349 349 349 349 349 349 349 0
Case #109: 159201
399 399 399 399 399 399 399 399 399 399 399 399 399 399 399 399 399 399 399 399 399 399 399 399 399 399 399 399 399 399 399 399 399 399 399 399 399 399 399 399 399 399 399 399 399 399 399 399 399 399 399 399 399 399 399 399 399 399 399 399 399 399 399 399 399 399 399 399 399 399 399 399 399 399 399 399 399 399 399 399 399 399 399 399 399 399 399 399 399 399 399 399 399 399 399 399 399 399 399 399 399 399 399 399 399 399 399 399 399 399 399 399 399 399 399 399 399 399 399 399 399 399 399 399 399 399 399 399 399 399 399 399 399 399 399 399 399 399 399 399 399 399 399 399 399 399 399 399 399 399 399 399 399 399 399 399 399 399 399 399 399 399 399 399 399 399 399 399 399 399 399 399 399 399 399 399 399 399 399 399 399 399 399 399 399 399 399 399 399 399 399 399 399 399 399 399 399 399 399 399 399 399 399 399 399 399 399 399 399 399 399 399 399 399 399 399 399 399 399 399 399 399 399 399 399 399 399 399 399 399 399 399 399 399 399 399 399 399 399 399 399 399 399 399 399 399 399 399 399 399 399 399 399 399 399 399 399 399 399 399 399 399 399 399 399 399 399 399 399 399 399 399 399 399 399 399 399 399 399 399 399 399 399 399 399 399 399 399 399 399 399 399 399 399 399 399 399 399 399 399 399 399 399 399 399 399 399 399 399 399 399 399 399 399 399 399 399 399 399 399 399 399 399 399 399 399 399 399 399 399 399 399 399 399 399 399 399 399 399 399 399 399 399 399 399 399 399 399 399 399 399 399 399 399 399 399 399 399 399 399 399 399 399 399 399 399 399 399 399 399 399 399 399 399 399 399 399 399 399 399 399 399 399 399 399 399 399 399 399 399 399 399 399 399 399 399 399 399 399 0
Case #110: 201601
449 449 449 449 449 449 449 449 449 449 449 449 449 449 449 449 449 449 449 449 449 449 449 449 449 449 449 449 449 449 449 449 449 449 449 449 449 449 449 449 449 449 449 449 449 449 449 449 449 449 449 449 449 449 449 449 449 449 449 449 449 449 449 449 449 449 449 449 449 449 449 449 449 449 449 449 449 449 449 449 449 449 449 449 449 449 449 449 449 449 449 449 449 449 449 449 449 449 449 449 449 449 449 449 449 449 449 449 449 449 449 449 449 449 449 449 449 449 449 449 449 449 449 449 449 449 449 449 449 449 449 449 449 449 449 449 449 449 449 449 449 449 449 449 449 449 449 449 449 449 449 449 449 449 449 449 449 449 449 449 449 449 449 449 449 449 449 449 449 449 449 449 449 449 449 449 449 449 449 449 449 449 449 449 449 449 449 449 449 449 449 449 449 449 449 449 449 449 449 449 449 449 449 449 449 449 449 449 449 449 449 449 449 449 449 449 449 449 449 449 449 449 449 449 449 449 449 449 449 449 449 449 449 449 449 449 449 449 449 449 449 449 449 449 449 449 449 449 449 449 449 449 449 449 449 449 449 449 449 449 449 449 449 449 449 449 449 449 449 449 449 449 449 449 449 449 449 449 449 449 449 449 449 449 449 449 449 449 449 449 449 449 449 449 449 449 449 449 449 449 449 449 449 449 449 449 449 449 449 449 449 449 449 449 449 449 449 449 449 449 449 449 449 449 449 449 449 449 449 449 449 449 449 449 449 449 449 449 449 449 449 449 449 449 449 449 449 449 449 449 449 449 449 449 449 449 449 449 449 449 449 449 449 449 449 449 449 449 449 449 449 449 449 449 449 449 449 449 449 449 449 449 449 449 449 449 449 449 449 449 449 449 449 449 449 449 449 449 449 449 449 449 449 449 449 449 449 449 449 449 449 449 449 449 449 449 449 449 449 449 449 449 449 449 449 449 449 449 449 449 449 449 449 449 449 449 449 449 449 449 449 449 449 449 449 449 449 449 449 0
Case #111: 249001
499 499 499 499 499 499 499 499 499 499 499 499 499 499 499 499 499 499 499 499 499 499 499 499 499 499 499 499 499 499 499 499 499 499 499 499 499 499 499 499 499 499 499 499 499 499 499 499 499 499 499 499 499 499 499 499 499 499 499 499 499 499 499 499 499 499 499 499 499 499 499 499 499 499 499 499 499 499 499 499 499 499 499 499 499 499 499 499 499 499 499 499 499 499 499 499 499 499 499 499 499 499 499 499 499 499 499 499 499 499 499 499 499 499 499 499 499 499 499 499 499 499 499 499 499 499 499 499 499 499 499 499 499 499 499 499 499 499 499 499 499 499 499 499 499 499 499 499 499 499 499 499 499 499 499 499 499 499 499 499 499 499 499 499 499 499 499 499 499 499 499 499 499 499 499 499 499 499 499 499 499 499 499 499 499 499 499 499 499 499 499 499 499 499 499 499 499 499 499 499 499 499 499 499 499 499 499 499 499 499 499 499 499 499 499 499 499 499 499 499 499 499 499 499 499 499 499 499 499 499 499 499 499 499 499 499 499 499 499 499 499 499 499 499 499 499 499 499 499 499 499 499 499 499 499 499 499 499 499 499 499 499 499 499 499 499 499 499 499 499 499 499 499 499 499 499 499 499 499 499 499 499 499 499 499 499 499 499 499 499 499 499 499 499 499 499 499 499 499 499 499 499 499 499 499 499 499 499 499 499 499 499 499 499 499 499 499 499 499 499 499 499 499 499 499 499 499 499 499 499 499 499 499 499 499 499 499 499 499 499 499 499 499 499 499 499 499 499 499 499 499 499 499 499 499 499 499 499 499 499 499 499 499 499 499 499 499 499 499 499 499 499 499 499 499 499 499 499 499 499 499 499 499 499 499 499 499 499 499 499 499 499 499 499 499 499 499 499 499 499 499 499 499 499 499 499 499 499 499 499 499 499 499 499 499 499 499 499 499 499 499 499 499 499 499 499 499 499 499 499 499 499 499 499 499 499 499 499 499 499 499 499 499 499 499 499 499 499 499 499 499 499 499 499 499 499 499 499 499 499 499 499 499 499 499 499 499 499 499 499 499 499 499 499 499 499 499 499 499 499 499 499 499 499 499 499 499 499 499 499 499 499 499 499 499 499 499 499 499 0
Case #112: 249001
499 499 499 499 499 499 499 499 499 499 499 499 499 499 499 499 499 499 499 499 499 499 499 499 499 499 499 499 499 499 499 499 499 499 499 499 499 499 499 499 499 499 499 499 499 499 499 499 499 499 499 499 499 499 499 499 499 499 499 499 499 499 499 499 499 499 499 499 499 499 499 499 499 499 499 499 499 499 499 499 499 499 499 499 499 499 499 499 499 499 499 499 499 499 499 499 499 499 499 499 499 499 499 499 499 499 499 499 499 499 499 499 499 499 499 499 499 499 499 499 499 499 499 499 499 499 499 499 499 499 499 499 499 499 499 499 499 499 499 499 499 499 499 499 499 499 499 499 499 499 499 499 499 499 499 499 499 499 499 499 499 499 499 499 499 499 499 499 499 499 499 499 499 499 499 499 499 499 499 499 499 499 499 499 499 499 499 499 499 499 499 499 499 499 499 499 499 499 499 499 499 499 499 499 499 499 499 499 499 499 499 499 499 499 499 499 499 499 499 499 499 499 499 499 499 499 499 499 499 499 499 499 499 499 499 499 499 499 499 499 499 499 499 499 499 499 499 499 499 499 499 499 499 499 499 499 499 499 499 499 499 499 499 499 499 499 499 499 499 499 499 499 499 499 499 499 499 499 499 499 499 499 499 499 499 499 499 499 499 499 499 499 499 499 499 499 499 499 499 499 499 499 499 499 499 499 499 499 499 499 499 499 499 499 499 499 499 499 499 499 499 499 499 499 499 499 499 499 499 499 499 499 499 499 499 499 499 499 499 499 499 499 499 499 499 499 499 499 499 499 499 499 499 499 499 499 499 499 499 499 499 499 499 499 499 499 499 499 499 499 499 499 499 499 499 499 499 499 499 499 499 499 499 499 499 499 499 499 499 499 499 499 499 499 499 499 499 499 499 499 499 499 499 499 499 499 499 499 499 499 499 499 499 499 499 499 499 499 499 499 499 499 499 499 499 499 499 499 499 499 499 499 499 499 499 499 499 499 499 499 499 499 499 499 499 499 499 499 499 499 499 499 499 499 499 499 499 499 499 499 499 499 499 499 499 499 499 499 499 499 499 499 499 499 499 499 499 499 499 499 499 499 499 499 499 499 499 499 499 499 499 499 499 499 499 499 499 499 499 0
