55
5 5 11
9 6 7 10 4
2 5 8
1 10
1 7
2 3 10
1 10
5 2 7
5 3 2 4 6
1 2
2 3 13
5 9 19
15 10 4 8 16
2 2 28
1 16
1 12
1 14
1 3
1 6
2 4 6
1 10
1 18
2 9 18
17 9
1 4
1 9
2 1 52
1 11
2 1 35
1 8
2 1 36
2 1 13
2 1 9
6 4 14
11 9 6 10 13 2
2 5 19
2 1 38
1 12
1 12
5 8 14
7 5 6 2 3
2 3 7
1 7
2 4 3
1 3
2 1 22
1 9
2 5 12
1 3
7 2 15
12 13 10 6 7 9 14
1 12
2 2 21
7 5 24
6 14 12 9 5 7 3
1 17
2 5 35
2 4 32
2 2 61
2 1 12
7 4 18
3 17 9 4 15 10 13
2 5 46
2 5 21
1 2
1 13
8 7 17
5 4 9 13 12 11 6 7
2 6 19
2 7 49
1 5
1 10
2 2 24
1 5
1 5
7 1 25
9 12 20 14 24 18 10
2 2 72
2 2 28
8 23
2 1 80
1 4
2 7 15
14 3
2 2 11
2 1 29
2 1 26
1 4
1 10
1 5
2 1 34
8 10 11
7 4 9 6 2 10 3 5
2 2 5
1 10
2 3 18
1 4
1 2
1 8
1 2
1 7
1 3
2 6 8
8 4 23
14 11 17 19 3 12 10 15
2 1 53
1 17
2 4 57
2 6 24
8 4 16
13 10 9 12 3 11 6 8
2 1 47
2 1 12
1 5
1 7
8 10 21
8 14 9 20 2 11 16 5
1 7
2 8 58
2 8 51
2 5 16
2 1 48
1 15
2 8 37
2 6 16
1 4
1 6
1 9 22
10
2 1 50
2 1 22
1 4
1 16
1 7
2 1 61
2 1 58
2 1 34
1 8
3 6 14
9 13 11
1 12
1 12
1 8
2 1 13
1 7
1 9
3 6 17
13 15 9
2 3 14
1 3
2 1 43
1 13
1 11
1 16
33 50 132
90 96 53 3 118 34 26 33 104 40 55 30 14 119 43 10 128 38 47 42 73 48 22 39 7 45 27 87 28 5 23 17 15
1 28
2 25 389
1 112
1 108
1 61
2 3 27
1 44
2 3 14
2 15 96
1 83
1 59
2 33 352
1 32
2 14 172
2 27 50
2 15 348
1 102
2 27 273
1 122
1 71
2 18 75
2 18 392
1 67
1 89
1 3
1 83
2 33 303
1 101
1 22
2 28 291
2 29 61
2 17 131
1 107
1 93
2 7 58
2 6 272
1 62
1 3
1 120
1 20
1 52
1 79
2 21 339
1 63
2 25 329
2 15 71
2 11 267
1 8
2 1 371
1 21
25 13 58
46 24 42 52 45 20 9 35 30 33 39 41 47 19 40 10 51 11 18 21 14 13 17 25 12
1 11
2 6 173
1 50
1 17
2 20 174
2 17 37
2 22 53
2 17 8
1 10
2 14 143
1 35
1 31
2 24 169
25 11 76
25 61 17 65 21 4 15 45 43 53 18 69 36 62 64 32 67 60 24 74 14 71 63 29 48
2 5 107
1 37
2 23 109
2 23 154
1 50
1 52
2 9 16
1 3
1 73
2 8 129
1 12
19 39 58
26 19 40 46 30 37 25 14 53 15 10 22 43 45 20 3 23 5 28
2 4 152
2 14 77
1 28
2 6 80
1 19
2 19 145
1 17
2 16 142
1 28
2 12 62
1 34
1 12
2 2 119
2 10 91
1 14
1 2
2 6 131
1 12
2 7 23
2 11 5
2 4 24
1 50
2 2 77
2 18 172
2 5 169
1 23
2 5 54
2 6 4
2 1 115
1 36
2 15 29
1 3
2 3 11
2 16 34
1 35
2 1 25
2 11 123
2 19 37
1 7
50 22 55
5 49 11 53 42 45 41 34 29 35 13 43 8 54 37 21 17 2 52 9 32 24 6 23 18 47 28 26 16 40 31 27 10 3 44 22 50 4 38 12 15 30 20 51 48 25 33 7 14 36
2 16 8
1 35
2 21 24
1 31
1 13
1 20
1 25
2 23 132
1 44
1 34
1 9
2 42 11
1 46
1 51
2 3 142
1 38
1 48
2 33 37
2 49 21
2 26 35
1 37
1 27
11 38 115
74 40 72 99 62 8 82 46 16 53 114
2 3 23
2 11 299
2 4 39
1 109
2 5 62
1 26
2 10 337
1 22
1 91
2 7 267
1 82
1 32
2 4 305
2 6 298
1 102
2 5 272
2 7 266
2 6 189
1 45
2 7 190
2 11 169
1 57
2 10 156
2 2 293
1 95
1 28
1 10
1 54
1 27
1 109
1 76
1 42
2 11 234
2 9 71
1 13
2 2 13
2 2 177
1 89
43 44 67
47 2 3 56 35 63 58 42 29 39 38 37 22 14 18 21 61 52 25 31 5 46 34 8 43 17 57 19 40 27 4 50 44 10 16 66 60 30 28 41 6 7 53
2 25 58
2 21 156
2 15 201
1 66
2 14 23
2 19 150
2 19 110
2 43 30
2 33 38
2 13 151
1 12
1 3
2 5 118
1 15
1 24
1 64
2 17 186
2 7 186
1 45
2 26 100
2 13 1
1 14
2 39 91
1 46
2 18 101
2 41 63
2 12 121
1 24
1 46
1 64
2 38 36
2 40 52
1 39
2 8 143
2 28 192
1 21
2 2 130
1 3
2 6 140
2 11 145
1 7
2 18 20
1 31
1 58
18 20 52
15 47 7 13 4 43 30 2 44 18 37 45 27 3 33 14 36 5
2 13 58
1 24
2 13 114
1 11
1 26
1 5
1 50
1 11
1 15
1 38
2 14 127
1 20
1 49
1 40
1 46
1 37
2 15 48
2 11 127
1 7
2 4 135
27 43 90
60 10 43 5 64 21 52 38 71 42 46 61 8 34 62 51 45 22 24 40 72 23 37 20 29 79 73
1 36
2 13 98
1 64
1 42
2 23 215
1 4
1 5
1 13
1 47
1 61
2 22 142
1 46
2 21 13
2 11 91
1 14
1 72
2 27 160
2 19 196
1 3
1 74
1 40
1 75
2 6 110
2 19 127
1 8
1 70
1 59
1 56
1 25
2 2 133
2 12 41
1 68
1 5
1 23
2 7 133
2 9 11
2 23 83
2 12 166
1 42
1 65
2 19 20
2 10 122
1 24
22 36 177
46 74 175 57 108 42 139 5 59 101 171 114 76 65 15 129 75 176 150 31 27 40
1 57
1 59
2 22 221
1 158
2 17 472
1 120
1 72
2 18 431
1 6
1 81
1 157
2 4 396
2 22 119
1 50
2 5 298
1 16
1 151
2 7 483
1 149
1 139
1 123
2 22 348
1 157
2 11 333
2 12 83
2 6 189
1 87
2 17 137
2 16 310
1 23
2 8 62
2 5 322
1 4
2 22 515
1 86
1 39
10 11 138
114 16 54 125 131 43 101 106 34 81
1 95
2 7 58
2 1 119
1 91
1 115
1 110
1 16
1 78
1 50
1 94
2 6 399
27 25 138
132 118 115 124 49 91 33 125 62 2 130 101 87 9 107 108 8 116 122 71 43 69 48 73 35 58 131
2 11 65
2 19 86
1 70
1 123
2 22 370
1 35
2 25 84
2 17 210
1 118
1 70
2 19 81
1 20
2 4 58
2 11 329
2 6 297
1 86
2 7 265
2 1 411
1 109
2 5 238
2 12 264
1 115
2 12 315
2 5 113
2 11 53
26 14 178
18 24 56 90 42 43 105 47 114 71 133 67 104 31 26 28 25 156 27 158 175 7 53 96 177 161
1 66
1 23
2 21 35
2 24 55
2 19 493
2 23 232
1 172
2 6 194
1 118
2 1 327
2 14 29
1 49
1 160
2 16 461
23 41 168
116 162 14 60 23 38 83 34 137 143 140 99 133 119 147 64 98 26 65 69 71 28 127
2 11 18
1 10
1 146
1 92
2 3 454
2 21 69
1 154
2 2 300
1 133
1 44
2 19 255
1 26
2 23 227
2 11 360
1 107
2 18 253
2 2 297
2 7 441
1 3
1 49
1 82
1 72
2 9 423
2 23 357
2 12 123
2 11 102
2 19 36
2 12 82
1 9
1 98
1 53
1 110
2 1 264
1 106
1 81
2 21 49
1 137
2 1 170
1 28
1 96
1 57
35 42 183
75 99 35 109 44 102 172 79 110 154 178 149 55 93 15 156 86 92 41 134 53 124 112 48 63 107 167 77 164 146 176 74 179 81 32
1 3
2 35 521
1 118
2 6 133
2 5 60
1 140
2 1 408
2 26 203
2 8 449
1 44
1 92
1 98
2 12 472
2 11 72
2 18 90
2 32 218
1 179
1 164
1 52
1 5
2 27 459
2 30 311
2 23 273
1 70
1 48
2 23 423
1 116
2 6 278
1 17
2 2 198
1 40
1 69
2 3 90
1 36
1 98
1 84
1 18
2 35 297
2 9 343
2 26 206
1 39
2 30 543
30 11 122
92 82 107 108 49 56 96 91 52 72 116 33 65 59 100 38 7 54 26 10 83 60 5 85 13 89 63 42 37 3
2 3 153
1 59
2 23 124
2 5 244
1 111
2 12 56
2 29 81
1 46
2 15 227
2 17 84
2 3 328
38 17 130
53 107 127 85 97 112 67 64 22 58 79 119 5 25 11 87 78 95 30 91 2 54 38 21 20 101 29 26 32 7 128 23 100 108 13 122 113 44
2 21 64
1 49
1 120
1 21
2 34 156
1 13
1 85
2 13 64
1 8
1 5
1 84
2 15 322
2 32 153
2 32 313
2 22 86
2 34 349
2 30 17
33 14 151
47 69 9 150 100 90 17 149 83 57 64 142 117 108 21 49 94 85 91 42 95 133 30 137 128 62 10 124 139 41 118 22 96
1 108
1 150
2 20 84
2 27 11
2 24 394
1 5
2 3 291
1 96
2 19 273
1 120
2 8 15
1 101
2 22 213
1 6
26 34 108
24 92 103 54 37 68 101 59 61 93 90 30 38 47 91 74 100 70 23 102 69 83 15 58 80 36
2 19 233
2 16 75
1 87
2 22 23
2 21 170
2 3 215
2 16 203
2 25 9
2 6 172
1 84
2 1 312
1 98
1 30
1 25
2 10 322
2 6 78
1 46
1 9
1 77
1 73
1 27
2 10 170
1 35
2 17 55
1 30
2 9 25
1 87
1 89
1 36
1 54
2 8 107
2 23 262
2 11 221
1 5
15 41 138
69 34 81 53 71 91 82 14 6 62 44 105 4 90 10
2 15 333
2 13 335
1 39
1 124
1 112
2 4 150
1 74
1 136
1 61
2 1 115
1 31
2 11 88
2 9 271
1 8
2 8 135
2 14 50
2 14 153
2 4 61
1 2
1 99
2 4 44
2 10 18
1 12
2 6 293
2 8 398
1 95
1 106
1 73
1 77
2 6 14
1 134
1 117
1 110
2 6 356
2 3 276
1 33
2 5 327
1 35
2 12 129
2 8 287
2 4 355
11 44 70
49 40 34 57 51 22 64 66 29 41 59
1 46
1 43
1 17
2 1 5
2 4 44
1 46
1 24
1 57
2 9 160
1 27
2 10 81
1 46
1 11
1 65
2 11 8
2 2 108
1 19
2 4 53
1 50
1 53
1 31
2 4 143
2 3 127
2 7 129
2 5 93
1 49
1 43
1 32
1 20
1 60
1 27
1 45
2 9 13
2 3 203
1 55
1 54
1 33
2 5 117
2 11 110
2 9 38
1 52
2 1 72
1 33
2 3 98
14 25 134
7 74 73 103 108 13 50 88 76 93 33 94 16 113
2 3 101
1 95
2 4 128
1 107
2 7 255
1 22
1 10
1 83
1 79
1 53
2 12 54
2 9 324
1 71
1 29
1 44
1 103
2 14 40
1 88
1 47
1 27
2 7 159
1 33
1 99
1 100
2 9 187
27 28 128
80 105 70 75 28 66 103 93 101 119 64 107 109 31 7 97 36 99 39 78 42 52 6 102 30 46 47
1 106
1 9
1 94
1 58
2 20 122
1 96
2 6 33
2 10 192
2 12 231
1 78
1 64
1 12
2 19 149
1 117
1 33
1 29
2 16 144
2 23 242
2 4 163
2 1 355
1 63
2 1 230
1 20
1 46
2 15 142
1 120
1 35
2 9 121
46 15 196
147 59 131 150 62 57 108 80 159 154 117 136 115 195 5 91 28 83 105 32 107 155 180 188 151 26 65 93 27 119 120 192 187 190 174 134 161 171 72 41 162 30 89 85 124 113
2 37 360
1 88
2 26 285
1 189
1 29
2 43 300
1 125
2 32 361
1 120
1 169
2 10 558
2 35 185
1 165
2 16 20
2 37 101
23 15 107
81 99 25 74 83 61 36 91 103 26 47 70 84 59 35 71 104 22 94 13 32 30 93
2 15 204
2 8 173
1 41
1 43
1 51
2 11 167
1 45
1 9
2 19 283
2 11 138
2 11 307
2 6 106
1 45
1 59
2 18 187
491 295 6743
922 1354 976 765 2548 2721 2794 6253 5676 4775 3765 561 1629 1664 4518 3577 479 3877 4597 2474 5770 1676 2125 1909 1234 452 1532 425 6099 439 2492 2267 1048 3913 5557 280 496 6554 4261 2005 5556 2573 4325 772 4746 3851 5620 2990 5484 74 4593 6561 690 5266 3965 1123 4562 3453 5257 6595 3912 6739 2754 2988 1851 2858 6687 625 2682 4633 5983 2294 4256 4272 5095 1545 5048 1148 1463 1208 1211 3718 1027 4222 4464 2333 2386 4681 5504 5714 3220 1946 4815 6406 3362 1716 5211 5054 861 3292 3740 2612 5972 979 1992 6103 5364 2222 1647 827 5988 6165 944 5427 6618 2532 2726 4298 2917 5272 5923 5188 5496 2278 1223 6387 4912 732 128 3356 1277 5588 142 4592 2082 6269 6307 1201 1409 1185 1728 4885 2583 3724 4140 1101 6400 2004 3428 2862 3403 1424 1404 1384 3570 4340 6063 2408 3695 5332 2752 1721 3346 1339 521 4433 5 4105 4201 5559 3518 3663 366 6153 3813 1758 6571 6123 2787 6630 5776 4155 529 3565 701 3181 2938 4985 6667 1258 4957 2376 5328 3370 6373 1329 4771 3681 4274 5811 2586 4093 2281 1505 743 1781 4231 3191 322 1438 2090 3652 235 1772 3305 319 5510 1872 2878 1173 5218 562 2669 740 3152 4043 79 6335 4041 4833 4782 906 1314 4581 2297 150 672 6721 602 5996 754 955 1034 4013 2234 3739 6101 5697 3729 4863 3198 3451 5268 2262 6502 4346 1317 5488 387 961 4591 3745 4296 6663 3949 1951 5143 6075 6536 5386 3196 6062 4367 242 1905 4977 5546 2127 5164 3162 1972 2248 4997 5879 1370 5429 1230 1969 5313 4698 2903 606 2219 2342 4371 1756 154 4021 6290 3086 4011 3887 4235 1742 6407 3634 3657 2829 4559 5870 96 1581 3957 1769 1365 4752 610 500 2287 3507 1753 4959 105 47 84 195 2943 3170 1830 6714 2270 5647 4472 1205 4669 2466 2131 1586 1220 1609 4902 5661 5571 3065 4830 2568 4870 231 613 1280 4756 880 3714 2883 835 5873 3968 623 71 3511 5531 5884 4843 3602 3469 1827 578 6113 1286 1170 3524 2616 4963 4610 575 3272 3389 3922 1105 4758 6377 1650 4107 1394 6551 6528 686 3294 915 6122 5733 3824 631 5271 4760 273 1313 1381 5086 2396 3041 2085 143 4090 5509 5796 3980 6445 5085 34 5603 3040 3429 839 5542 3977 7 66 2081 3147 388 2169 4888 174 3951 4984 1219 2424 1649 133 2338 6708 3569 1207 649 4048 1162 669 1740 176 1464 592 6371 3581 3042 3852 5278 4174 1477 1873 13 3746 750 182 6074 3183 1164 3113 4257 1355 4234 4064 4596 111 2562 5924 6624 5360 5007 5734 2187 1978 3884 4507 4211 572 3910 819 2870 56 4741 4536 941 2098 3232 5296 4341 2626 2488 2201 2300
2 109 13018
1 955
2 217 598
2 479 7635
2 325 16215
2 480 932
2 210 71
2 235 13531
2 446 7624
1 93
1 5803
1 5095
1 2523
1 2385
1 6735
1 6577
1 3635
1 5313
2 9 6964
2 193 10984
1 1104
1 4927
1 4170
2 80 2696
1 2888
2 402 13386
1 4008
2 126 17426
2 379 9081
2 52 7161
2 436 16995
1 2059
1 6489
1 627
2 375 16221
2 104 14270
1 5450
2 348 16603
2 475 14396
2 287 5348
2 124 3835
1 570
2 275 10389
2 67 19423
1 5722
2 445 6035
1 6044
1 5183
1 3519
2 343 8878
2 323 19314
2 426 6111
1 3629
1 2633
1 3159
1 2005
1 5929
2 58 14959
2 378 18493
1 2137
1 5031
2 226 6683
1 4736
2 329 19918
1 2366
1 3894
1 4840
2 343 14982
2 127 15076
2 225 12513
1 4919
2 343 12976
1 4985
2 356 18402
1 3365
1 5295
1 2304
1 6114
2 222 15799
1 2276
2 104 9922
1 4250
1 1629
1 1751
1 1254
2 354 16355
1 4981
2 125 9051
1 2599
2 122 10377
1 271
1 3366
2 239 1412
2 336 9742
1 4241
2 201 669
1 1160
2 252 3823
2 168 8956
1 3051
2 369 17717
2 39 10671
1 3
2 112 5993
1 3178
2 319 11879
2 58 2072
1 1354
2 481 16520
1 3386
1 1995
1 5133
2 353 10743
1 4739
1 5985
1 1561
1 4986
1 4148
1 4821
1 246
2 380 18286
2 38 17339
2 333 8507
1 2298
2 5 4405
2 265 4006
2 180 11994
2 121 229
2 209 9023
1 5618
1 2706
1 1734
2 80 15406
2 323 8579
2 331 19740
1 4068
2 68 8682
1 5590
2 122 15264
1 2063
2 393 1689
2 78 2537
1 5146
2 77 19811
2 26 17630
1 3840
2 412 621
1 2531
1 5990
2 363 363
2 24 10579
1 916
1 6119
2 221 11203
1 4240
2 390 17176
2 99 6303
1 2059
2 373 20051
2 314 14932
1 4412
2 69 1763
2 464 14327
1 549
2 377 12450
1 3871
1 4192
1 5604
1 6695
1 1641
1 347
1 5357
2 295 3851
1 5110
2 269 11735
1 4174
2 453 3244
2 218 8719
1 4611
2 413 11646
2 82 19921
2 169 1196
2 313 3175
2 447 6390
1 3235
1 2391
2 35 17128
1 4595
2 404 4317
2 345 13751
1 3864
2 225 6676
2 480 1970
2 49 9512
2 331 15214
2 238 3030
2 62 6256
1 3095
2 55 15236
2 231 906
2 284 6042
2 437 9044
2 231 18793
2 483 310
2 326 6904
1 993
1 5918
1 1281
1 76
1 2198
1 3482
1 2917
2 186 6288
2 228 11374
1 373
1 1429
2 291 4709
1 4471
2 314 19747
2 138 7803
1 2048
2 222 3348
2 314 4715
2 123 13985
2 96 13598
1 4327
2 116 18267
1 5737
2 149 17022
1 292
1 5623
1 964
2 22 18693
1 3309
1 5091
2 199 17742
2 311 15335
1 2899
2 445 12602
2 251 19782
1 2943
2 399 5684
2 116 5813
1 6444
1 5029
1 2941
2 168 4479
1 4835
2 457 6622
1 5914
1 1633
2 192 7571
1 5726
1 4540
1 1457
2 218 2167
1 3884
1 752
2 419 20145
2 483 11704
1 4120
2 289 147
1 2457
1 1616
1 5149
2 155 784
2 279 10834
1 5185
1 1178
2 381 18963
2 321 9685
1 4230
1 326
2 435 18504
1 473
2 12 13959
1 5410
1 3928
1 2147
2 208 15157
1 5766
1 755
1 5876
2 199 2017
1 4632
1 4567
2 105 1294
2 358 15178
1 3267
1 685
1 6653
1 4554
2 349 16129
2 244 10988
2 381 12681
229 295 5141
147 3250 2872 70 4526 4874 1970 2317 142 2581 4739 4077 3669 4557 1523 4014 1585 4975 4017 323 3355 1377 3895 674 4768 2894 4954 3752 902 2714 4234 3546 4478 2573 4421 2017 939 3575 2362 1629 4149 2313 2604 1935 2733 1653 3349 5081 4624 640 1168 475 3245 1157 418 2871 3523 3501 4311 3596 518 249 1858 4269 73 4802 2151 441 2515 3227 4291 4843 259 1958 3256 805 312 894 4807 324 1732 195 3260 2266 3280 1370 578 2071 4743 478 2619 29 2635 3396 1627 2759 2842 1888 1558 3517 2127 4660 253 188 4722 3041 3058 3182 2791 5001 2163 5004 2535 3304 581 3438 2726 445 2122 1595 3578 456 4094 1471 4775 2363 2641 3078 2239 1153 548 4293 758 2743 4560 464 420 4233 395 5071 2229 5041 2862 923 2457 2741 5067 3127 669 4701 171 4261 257 319 1905 4895 2805 1436 5030 2738 3080 4617 2146 3132 1853 3899 2846 4589 3448 849 1930 2904 226 1742 945 1164 599 2800 1335 4182 4075 3010 2935 1269 2343 1779 2541 3787 202 1130 3789 68 1226 2510 4625 3252 2656 1906 3175 4130 3715 2739 4382 23 1459 187 4386 4304 1967 3048 4144 943 2617 5104 63 3125 3000 1542 667 4435 4714 2177 4399 3003 1406 2713 4817 3961 2826
2 149 13383
2 173 2108
2 208 9400
1 2247
1 1611
2 137 10148
2 68 3142
2 225 9743
2 206 13708
1 4536
2 194 6364
1 5075
1 1697
2 161 7892
2 134 14527
1 3330
2 159 9475
1 1224
1 1105
2 132 4828
2 100 12312
1 3561
2 4 6559
1 1621
2 222 3414
1 1392
1 3569
2 33 13402
2 142 9657
1 3667
1 1159
2 97 15383
2 148 6630
2 96 23
2 114 4793
1 4292
1 2366
2 138 11556
2 162 4071
1 2203
2 37 408
1 653
1 4022
1 2824
1 610
2 113 9654
2 187 13466
1 1641
2 161 9256
1 4923
2 82 7045
2 83 4052
2 194 8323
2 227 12048
2 16 5631
1 1631
2 38 14105
2 127 11719
1 2696
2 55 79
2 55 13539
1 3130
1 3864
2 179 12494
2 2 6994
2 206 575
1 3312
1 5020
1 1357
2 169 11205
2 221 2870
1 4945
2 77 15086
1 1852
1 4724
2 122 1674
2 24 4519
2 138 3445
1 4220
1 3454
2 133 1792
1 4425
1 376
1 3348
1 3647
1 3543
2 182 10208
1 5127
2 89 7143
2 48 6487
2 9 10306
2 96 3927
2 59 3612
2 75 1554
1 3012
2 42 1571
1 599
1 2887
2 91 2588
2 145 7810
1 5005
2 196 1755
1 745
2 215 1990
2 175 1290
1 2799
2 178 6162
2 129 13726
2 163 766
2 46 5662
2 224 5682
1 4540
2 60 9652
2 142 11725
1 2638
2 227 12784
2 96 4462
1 1868
1 4472
1 68
1 2613
1 2814
2 214 3600
1 4584
2 90 14648
1 1450
2 123 6746
1 3466
2 217 10986
1 1619
1 4519
2 49 3388
1 4603
1 3977
1 4620
1 4374
1 1274
2 68 1818
2 25 4093
2 126 8382
1 3939
2 68 2097
1 4133
1 2867
2 227 8221
1 938
2 120 9622
2 226 9134
2 79 12670
1 745
2 61 13861
1 1069
2 147 7254
1 831
2 80 14359
1 817
2 47 8416
2 201 7848
1 1181
2 191 7908
1 1348
1 4215
2 225 11832
2 2 1002
2 125 4351
1 3697
2 130 2484
1 2437
1 1804
1 717
1 877
1 1824
2 211 10728
2 85 2828
2 129 8873
2 103 6656
1 4118
2 5 5135
2 54 10753
1 2516
2 219 11426
1 3968
1 3280
1 4916
1 3146
2 171 7028
2 132 3931
2 205 9978
2 103 9296
2 154 11635
1 3425
2 164 2086
2 200 5902
2 166 1479
1 4458
2 36 290
1 3206
1 3388
1 2989
1 4151
2 102 4760
1 828
1 858
1 175
1 3040
2 20 14989
2 219 11681
2 58 3092
2 20 5
2 133 8150
1 4529
2 159 6683
1 4108
1 4919
1 887
1 2907
2 81 6263
2 109 885
2 170 4998
1 4398
2 119 7022
1 2281
1 2498
2 37 363
2 164 11842
1 3908
1 1302
2 6 11831
2 68 6248
2 208 8136
2 148 14993
2 36 612
2 154 1326
1 1051
2 83 2691
1 988
2 180 2174
1 4096
2 50 4886
1 2377
1 3126
1 429
2 54 9840
2 104 5277
1 879
1 3790
1 929
2 180 14847
2 138 10707
1 1885
2 115 12705
2 90 4894
1 4714
2 164 5585
1 4212
1 3270
2 128 8692
1 4485
2 112 11638
1 1963
1 2233
1 4529
1 2417
1 1145
1 3327
1 4219
2 133 4919
1 4001
1 3694
1 2320
1 3046
2 168 4475
1 5109
1 4668
1 331
1 1610
2 123 14640
2 132 10869
2 221 11100
1 2675
1 3519
2 211 1078
2 52 13753
1 1009
1 3924
1 1920
2 147 3890
2 137 12249
2 99 1172
1 3631
2 177 6263
1 862
1 2988
1 4412
1 1086
333 107 7894
6668 1954 2181 2229 269 7260 2451 3582 824 5498 7431 4136 5676 3074 7461 324 2503 6853 4959 3774 5912 2463 5301 7356 5470 599 4045 2292 5339 7447 1685 2046 6175 6150 199 7044 2909 6658 743 4042 2976 2297 149 1270 499 4836 1645 7715 1753 340 1937 1079 1883 1507 5581 1903 4282 3292 1166 2446 2322 5672 1537 5933 3001 1086 7599 7607 362 7585 3539 5877 1782 1089 4615 247 2323 1513 3555 4546 4092 469 2612 4974 2007 2584 6378 4104 5896 732 4481 7858 5113 2259 2514 4076 1429 7398 3644 6297 1788 6600 3169 1572 6569 2304 5047 6164 7289 7457 313 860 1764 6570 7171 1048 5145 1293 6153 5675 5659 3982 320 5250 5255 2578 6296 2156 3226 991 4864 6392 3828 4401 204 3437 4597 2380 7377 3343 3003 4699 2692 5952 5742 5172 7759 3218 3344 3364 6456 7387 940 2904 3715 1109 773 1834 7378 7581 249 7293 5685 3723 5142 3878 6722 699 6439 6672 180 7384 2754 7625 5114 1901 7470 7366 4499 3951 7120 797 5292 6994 3916 2889 1673 5210 7880 7809 4868 3853 1159 4896 6416 7456 3819 4333 818 4705 1975 3862 4279 1026 4846 3571 3190 1482 5557 7556 2541 990 722 4186 2 4921 3622 5505 2560 1012 6302 5178 2462 433 200 6645 1614 2618 4115 753 6647 899 2969 2988 5616 5862 2671 1960 2413 2226 5887 4231 5448 1630 7490 7419 3254 568 7825 3794 1151 1934 4477 192 5624 167 4074 2576 2923 5582 2363 3999 3941 5968 3605 1830 4309 5816 6424 2581 1808 1265 7344 4127 6420 178 3214 1637 4555 2399 3453 4936 3234 7163 7658 4606 7570 1687 6652 6989 7445 4967 1761 1910 3786 4312 73 5125 1974 5104 7341 2234 3051 1421 7131 4382 4996 1579 2320 5768 45 2493 7558 5691 6363 3284 6941 3813 6174 1871 5079 2807 2631 7 2609 3488 6614 1116 353 5384 3408 3020 3976
2 228 12709
1 7142
2 6 8845
1 4909
1 1919
2 31 19056
1 97
1 1509
2 132 16662
1 5720
1 7864
1 5699
2 237 4698
2 174 2449
2 141 12614
1 1647
1 3846
1 6012
2 7 13825
1 6867
2 258 23072
2 183 7972
1 387
2 90 3835
2 120 18907
2 51 22028
1 122
1 7726
1 3249
1 134
1 7490
1 3713
2 144 1470
1 1966
1 7596
1 2333
2 51 3396
1 5075
1 1029
2 235 15868
1 3899
2 295 15602
2 82 7246
1 5367
1 7454
2 114 10816
2 141 7602
1 4908
2 123 8982
2 309 1083
1 7284
1 2845
2 79 1403
2 217 3618
2 21 9651
2 73 2298
1 4048
2 333 3285
1 1717
1 4881
2 75 17199
2 238 11691
1 2431
2 85 14653
1 1463
1 2967
1 588
1 1888
2 27 17195
2 43 5301
1 2040
1 7166
2 156 8653
1 1357
2 157 17108
1 6639
1 3826
1 1597
1 2892
2 312 20968
2 186 4805
2 263 9467
1 3459
2 191 12783
1 3310
2 1 23672
1 1494
2 314 14507
2 13 5128
1 492
2 48 3436
1 186
1 2874
1 2817
1 6174
1 1222
2 25 9898
1 718
2 148 1215
2 273 17308
1 2367
1 4912
1 7755
2 129 16759
1 3178
1 3141
1 7015
298 113 8436
1129 1273 5643 4781 3197 5709 2667 2177 6344 7792 1651 3509 4094 1728 2232 7115 2586 542 6098 4470 5432 6600 4541 421 4515 4499 8108 3152 3209 195 6764 357 7852 5807 4040 7668 1304 6610 929 7612 7310 7860 1328 4317 2270 8196 3325 8019 6631 1476 1761 1682 7088 1391 4308 3211 3842 952 6374 1451 7012 352 7195 1742 2339 2638 8217 5622 1246 5285 4428 4410 5636 961 6738 1031 6708 2918 651 649 4199 2877 1602 5560 860 7570 6797 1295 4985 6993 8129 7337 8430 7861 5182 6510 2465 6424 1563 7775 3122 4615 3685 1652 779 6926 1039 8216 3837 5014 1895 6377 2686 1281 6472 7644 2728 6734 4175 8302 7467 1137 7666 3024 3443 5800 3731 518 932 8234 6605 723 840 2867 5166 4864 4979 911 2311 5256 3408 7910 1170 5060 1187 3374 5754 2239 5611 4556 565 6727 1567 466 3014 2927 2157 711 4015 7444 849 670 7566 7413 2130 5982 7574 1090 6172 4518 3816 4764 4634 4315 2520 7362 685 2671 3286 4665 5420 6699 1465 2551 7095 61 3491 7342 4523 5717 4174 6534 4067 223 3568 4360 8315 2320 8192 1615 1292 2809 5682 5270 4688 3599 5235 3704 3327 5847 2192 5724 4112 2 5521 7509 5593 4303 7621 6740 3223 6339 5695 8169 5662 1830 494 743 5852 6314 1566 6539 4519 1954 2755 315 309 3017 3475 6569 6254 4006 1564 8426 2564 6682 3694 4784 7733 3794 255 6064 1894 5502 5581 3555 7461 4446 7862 8294 3872 4289 6296 2352 179 210 1424 5037 7147 6137 8146 6777 6216 1481 5860 257 7209 4814 7193 6965 8280 8003 3428 1180 5814 7422 5523 7716 5281 4095 660 2996 2516 1910 4731 4271 973 1507
2 48 2789
1 3213
2 37 13070
2 89 22427
1 5944
1 8414
2 124 16062
2 148 3217
1 3041
1 3137
2 90 17543
1 3545
2 71 1754
1 4162
1 5776
2 114 14143
2 140 21708
2 230 21345
1 7511
2 185 17586
1 4102
1 5594
1 2835
2 22 802
1 5557
1 7859
1 5213
1 918
2 225 16954
1 2793
1 1822
2 247 17046
1 8193
2 64 10598
2 41 24262
1 3946
2 244 22333
1 7124
1 1480
1 501
1 4378
1 5205
2 22 21619
2 50 13905
1 2467
1 750
1 5206
1 3347
2 221 3082
1 665
1 6566
1 7361
2 133 641
1 5452
2 160 14137
1 44
2 97 20269
2 176 23280
1 8090
1 5684
1 4192
2 202 5978
1 2966
2 177 13559
1 1857
2 162 3669
2 7 13746
2 28 22225
1 195
2 174 18234
1 6517
2 125 23954
2 105 8509
1 6660
2 133 19007
1 1331
2 102 3261
1 530
1 8262
1 67
1 8145
1 8430
1 6580
1 2976
1 5944
2 4 14544
1 167
1 7011
1 8137
2 25 21982
1 2467
2 28 9672
2 292 24549
1 2234
1 3741
1 5881
2 135 22395
1 2873
1 2422
1 3812
2 199 7648
1 8324
1 1902
2 28 14353
2 226 10891
2 288 1579
1 5051
2 160 2925
1 5003
1 4287
1 2472
1 2213
2 27 10206
358 418 8980
2016 6751 916 3656 7351 8038 2118 7474 2838 2632 7711 4668 1387 3100 8333 825 6879 8086 152 2715 8907 2104 6622 8054 6634 6161 2353 1850 5791 8204 2919 4892 6928 8638 3192 6774 5231 5428 5593 4094 6562 5900 4867 7631 3737 1969 4710 1237 2955 404 183 8015 4024 4460 5714 8617 1842 7053 4280 6394 7034 4040 827 6658 5090 2498 6109 2800 25 1123 3857 1375 3555 2944 1274 3818 3586 6052 4767 8328 1938 1111 7484 7948 6985 6641 5601 7964 3784 4757 8739 7237 7325 1367 3108 7001 1543 6186 7808 5180 8858 8437 7836 8362 7593 8428 7454 6007 419 5835 948 6350 525 356 1189 2284 756 8845 8302 7073 2174 6433 509 5726 1168 6732 4520 2305 7083 4594 8818 4495 2982 985 6151 4502 6779 8542 4891 8602 6205 1479 3791 8308 1162 216 7706 3837 3232 7481 2507 4257 5950 8719 7156 2786 4530 447 8940 8735 2342 3513 3071 4371 6535 2463 1029 2485 8435 5884 8878 5584 508 2828 6022 2102 3070 5709 1962 2557 4393 4152 8470 4143 7352 6712 275 7901 972 8419 2427 8365 640 2702 4843 3525 6762 5845 8306 3361 3190 1512 5667 8472 2310 2470 504 4386 2245 6847 6156 1438 2215 5650 6185 8692 8863 2942 3224 3200 4498 3384 7097 3052 3091 4869 3859 4741 7880 317 3557 5514 891 3920 6341 1428 7168 2672 7176 6705 430 5564 8963 7544 2669 5999 7209 8220 5250 7373 1345 6301 5683 3673 310 5453 7583 6687 1207 5895 4149 7189 2897 4661 3668 2101 1925 4105 5166 6404 1227 5125 6740 1441 5073 1768 4417 793 8335 1520 1496 4808 7470 7589 1384 4461 3114 8779 7776 361 8930 6800 8073 138 2833 5939 1460 8270 8802 7852 8357 2875 4700 2643 246 3966 3520 5310 7754 3003 3942 1166 3725 5528 7806 7270 6172 3362 7090 1722 7178 1900 8127 7727 2698 8374 3383 5862 3214 7397 3348 3925 5547 1563 3008 5831 3388 3353 1971 319 8645 1478 2094 2742 4060 7855 7430 5853 1183 6369 8682 3016 2967 3864 8423 7120 4669 28
1 8647
2 13 3709
2 112 2494
1 1301
2 73 24438
1 6607
1 4771
1 692
1 2088
1 3329
2 300 6476
2 82 20981
1 4772
2 348 4846
1 5557
2 235 18961
1 322
1 6115
2 206 3344
1 6611
1 7286
1 7836
2 140 25899
1 3301
1 6355
2 87 24063
2 197 15949
1 7604
2 248 19684
1 2088
1 4566
1 8728
1 7160
1 496
1 4233
2 8 10431
1 4275
2 60 19923
2 44 789
1 8427
2 56 22094
2 239 15258
2 304 5679
1 657
2 135 20661
2 118 25673
1 21
1 4159
1 1270
2 221 13073
2 297 17110
2 225 16898
1 7939
2 246 24298
2 292 7512
2 75 24359
1 1730
2 111 16331
2 100 3747
2 282 6702
2 231 23783
1 7073
1 5046
2 97 18708
2 51 22316
2 16 17984
2 272 10790
1 1531
1 2555
2 231 1093
1 6388
1 5870
2 91 24891
2 301 23592
1 5413
2 269 18066
2 342 11492
2 99 23233
1 3403
2 211 21530
1 8932
2 23 26798
1 903
1 2796
2 71 26459
1 6906
2 233 19761
2 169 18746
2 80 26049
1 6371
2 28 17735
1 3434
2 158 8697
1 195
2 20 18024
2 196 25788
2 80 18489
1 328
2 124 24247
1 4439
2 341 2716
2 289 6956
2 129 23200
1 2968
2 98 5035
1 5946
2 34 8001
2 7 11594
1 108
1 7558
2 94 11124
1 7209
1 2286
2 70 11606
2 79 5473
1 4636
1 8342
2 293 11895
1 5114
1 8676
2 115 3710
2 18 24712
2 329 8404
1 8508
1 8825
2 306 17386
1 4537
2 47 19126
2 214 14530
2 293 6527
2 301 23548
2 35 3560
2 105 5083
2 88 26252
1 6281
1 6123
2 203 16527
1 6574
2 142 20664
1 378
2 168 25073
2 88 9394
2 25 4299
2 178 23355
1 59
2 19 6877
2 151 23317
2 355 6703
2 129 22584
1 2905
1 6067
1 6141
1 7954
1 903
1 5220
1 726
1 7375
2 248 7752
2 190 25393
1 7305
1 4839
1 7966
1 5588
2 199 16499
1 5473
1 3494
2 34 26773
1 7654
1 228
1 1189
1 5767
1 5900
1 8333
2 244 3351
1 4813
1 7488
1 35
1 7274
1 2080
1 1631
2 23 17858
1 2956
2 218 3853
1 3418
2 192 706
1 2997
1 7999
2 148 7218
2 152 10770
1 6370
1 69
2 336 22010
1 616
2 291 21478
2 294 26344
2 249 2439
1 6253
2 201 2919
2 228 24970
2 20 17842
2 193 3310
2 311 18698
1 5223
1 6528
2 55 5038
1 7503
1 7000
2 80 1912
1 4296
1 4004
2 60 18072
2 96 26210
1 2987
1 4337
1 1172
1 5655
1 6085
1 8060
2 8 6172
1 815
2 330 17087
1 5351
1 4955
1 2225
2 241 1249
1 2492
2 198 6916
2 338 2961
2 202 14634
1 4202
1 7571
1 8607
1 6312
2 223 9157
1 2404
2 85 2993
1 7213
1 6064
2 340 12747
1 580
1 3883
2 2 21752
1 2540
1 6148
2 235 20858
2 270 2701
1 6341
2 325 3353
1 5477
2 342 8653
1 7264
1 5013
2 273 21554
2 106 14136
2 45 11353
1 8675
2 266 178
2 259 969
1 6878
1 3257
1 2931
1 6536
1 6309
1 3331
1 1074
2 59 8143
2 227 23961
1 6990
1 3904
1 1821
2 46 3873
2 229 20773
1 2930
1 1047
2 174 20666
2 347 2306
1 72
2 1 20508
1 5807
2 149 25204
1 3446
1 8959
2 220 284
1 8030
1 7300
2 31 4057
1 4044
2 82 50
2 135 20120
2 302 26358
2 21 6299
1 5342
2 193 8106
2 9 14319
2 80 8509
1 5953
1 447
2 97 3918
1 3733
1 1753
2 306 9784
2 18 15744
2 156 12260
2 51 8107
1 1759
2 163 16388
1 274
1 4533
2 155 8449
2 329 24543
2 42 12266
2 18 7783
1 2978
2 132 22591
1 8259
2 300 1502
2 57 21416
1 6599
2 143 24655
1 252
2 274 5918
1 3546
2 36 5119
1 6721
1 323
1 116
2 149 2628
2 144 18838
1 2777
1 6316
2 279 11252
1 6978
2 183 21267
2 287 25172
2 178 6734
2 158 12942
2 43 26576
2 167 9832
2 267 22715
2 313 9918
2 4 5277
1 4106
1 5198
1 113
2 53 3372
1 6479
1 6046
1 6771
2 109 1730
2 178 20534
1 3453
2 21 3429
2 288 11066
1 5063
1 8814
2 284 26576
1 4486
2 326 224
1 3238
2 189 19714
2 197 23653
2 7 3314
1 5087
1 59
1 2161
2 327 12938
2 209 418
1 2292
1 5537
1 3075
1 3052
1 1577
1 3649
2 236 24793
2 215 967
2 225 9619
2 36 8330
1 5350
1 2937
2 70 18915
1 3029
2 124 15681
1 8965
1 1403
1 8722
2 237 9546
1 7179
1 2252
1 5184
2 64 18017
1 6963
1 1650
1 7831
1 39
1 1172
1 2787
2 72 18275
1 2326
2 9 22555
2 259 6012
1 5950
1 113
2 132 9043
1 3188
1 460
2 206 16605
1 1174
1 5356
1 8722
1 818
2 215 5967
2 28 25717
1 634
2 201 24075
1 1605
1 1444
2 28 25371
1 3701
305 465 2737
292 503 798 2713 1276 831 2579 1419 2696 1825 2554 944 808 2403 1314 2160 1935 1393 1830 872 807 2604 1436 81 2435 2111 116 377 1781 2411 1210 2529 211 332 477 2305 1704 192 1161 2021 816 454 416 1075 2432 1266 2495 2259 1916 1659 230 2610 2328 1592 1226 642 546 342 750 1703 2718 2449 2501 1118 1456 1476 1168 1443 1497 576 68 276 1672 991 1271 2000 2219 1244 2279 1200 714 256 1184 1038 776 990 1961 2015 929 1009 1316 85 740 2086 1363 2081 791 1114 2378 1329 1319 917 857 828 983 557 2002 2262 1145 1953 1193 1176 1671 2722 583 661 1025 1623 271 1151 2476 2346 2543 707 2332 690 694 340 615 1492 2386 1081 1945 956 2721 392 56 779 1986 1941 2716 1999 403 5 1073 1673 1893 2178 657 2685 2292 1239 319 1526 683 2164 2257 963 536 1505 1121 2628 1745 1979 2417 164 412 2122 2046 1466 228 2272 1840 436 802 2156 1978 2409 1273 1560 2125 212 773 2593 45 901 2644 1806 1764 2607 2089 1481 1950 1186 499 953 2712 1786 1827 2466 2677 1380 1126 2373 470 37 1284 2005 2612 2038 525 420 1667 1141 882 220 1582 8 1795 2310 730 268 2074 2548 1588 2158 297 887 2420 32 1589 1861 1088 2381 1219 2072 671 300 2664 2492 2371 830 570 1085 534 255 1584 22 1471 652 2623 674 631 1401 112 1905 715 94 1677 1974 2014 2324 2157 1406 1684 2603 651 1711 1262 1302 262 369 312 153 1587 865 462 2659 368 2224 1898 684 2132 1165 819 1495 644 1136 1164 936 1413 1264 1835 563 2608 1850 675 394 2315 801 2405 834 547 2595 2023
2 75 5568
1 1793
2 6 5878
1 2600
2 150 1669
2 302 5098
2 198 2193
1 719
1 547
2 303 3582
1 558
1 74
1 662
2 35 3212
2 113 7583
1 2689
2 243 3707
2 271 2088
1 525
1 2235
1 779
1 1255
1 2500
1 2664
2 297 7548
2 29 2398
2 17 4699
2 248 5103
1 1788
2 211 330
1 1942
2 7 3362
1 1486
2 53 7294
2 71 6317
1 2057
2 53 3502
2 5 2180
2 229 856
2 23 5380
2 28 3555
1 2117
2 205 5080
1 689
1 492
2 302 1145
2 222 4307
1 1073
2 77 262
2 27 1967
1 1956
2 215 5236
2 202 7079
1 2200
1 1616
2 129 6412
1 1575
2 139 4707
1 2375
2 183 3456
2 4 819
2 284 7363
2 106 2452
2 179 3094
2 164 6037
2 128 4505
1 1271
1 542
1 2288
2 225 5989
2 300 6292
2 159 3180
1 196
2 63 4449
1 297
2 37 6543
2 196 4556
2 275 7265
1 898
2 170 7749
2 241 4078
1 567
2 104 3230
1 1501
2 250 7938
2 117 5239
1 1759
2 61 6666
2 85 205
2 194 1837
1 308
1 932
1 2712
1 2353
1 1945
2 127 4154
2 91 4073
1 116
2 4 2599
1 2624
2 161 515
1 2110
1 1933
1 2144
2 305 7669
1 1180
1 1857
1 1315
2 174 6192
1 1427
1 708
2 2 6155
1 613
1 570
2 177 7671
1 1258
2 227 5418
1 926
2 191 2472
2 203 3421
1 481
1 770
2 160 4543
1 1380
2 6 7748
2 160 370
2 149 4954
2 170 6234
1 2117
2 183 1859
1 1091
1 1138
1 1242
2 76 5945
2 251 5224
2 105 1245
1 1904
2 260 7298
1 2228
1 1653
2 163 1357
1 2155
1 522
2 119 3142
2 295 5094
1 1632
1 1212
1 103
2 221 5424
1 1598
1 2421
1 1419
1 487
1 971
1 1983
1 2665
2 212 5564
2 21 4873
1 877
1 1581
2 261 64
1 1364
2 227 2029
2 182 6325
1 2323
1 2493
1 2109
1 1839
1 1823
1 2001
1 134
1 2202
2 246 5691
1 1622
1 2639
2 300 1185
2 299 6033
2 260 5441
1 581
2 261 4883
1 84
2 43 1157
2 199 3734
2 122 4536
1 2532
2 216 6258
2 186 2672
1 2718
2 268 3252
2 89 1728
2 28 5332
1 1364
2 101 6671
2 148 8187
2 264 317
1 1955
1 1242
2 36 7408
1 1348
2 84 1167
2 30 1186
2 38 2416
1 1824
2 15 2731
2 41 7001
1 1575
2 121 481
1 413
1 574
2 254 6766
2 228 666
2 258 6278
2 149 4380
1 2241
1 384
2 142 218
1 374
1 2466
2 118 1659
1 440
2 8 1325
2 57 6270
2 18 7062
2 219 4729
1 1940
1 2074
1 326
2 151 4151
2 282 336
2 125 7555
2 290 2878
1 2557
2 296 4271
2 170 4384
1 1123
2 25 5033
1 1423
2 67 5355
1 73
1 2094
1 2196
1 2435
2 118 6779
1 1075
2 263 6462
2 115 3613
2 206 3721
1 1095
1 704
1 1355
1 1517
1 1896
1 2218
1 1104
2 114 5523
2 84 7091
1 2123
2 65 5687
2 112 7319
2 108 565
1 1611
2 258 5514
2 197 1782
2 299 8175
1 20
1 2036
2 45 7246
1 840
2 221 5510
2 293 4578
2 240 3588
1 844
2 171 1248
2 48 5098
2 270 4599
1 455
1 2634
1 1241
1 1490
1 1990
1 1404
2 96 2738
1 1731
2 146 6161
1 1442
2 214 7769
1 255
1 460
1 1819
1 468
2 18 4262
1 15
1 1482
1 1761
1 394
2 300 5471
1 2166
1 1389
2 189 7535
1 2429
2 188 1898
2 43 5772
2 138 4783
2 77 2284
1 1229
2 145 6466
2 71 2277
2 127 7915
1 21
2 78 6079
1 2048
2 77 2067
1 23
1 363
1 1778
2 296 3684
2 230 7531
2 15 5910
1 2614
2 251 6731
1 2493
1 2375
2 294 2370
2 292 4146
1 1271
2 197 1210
2 30 5929
1 1843
1 988
2 153 2479
1 664
1 2028
1 1396
1 141
2 155 8024
1 1436
1 916
2 121 6371
1 2106
2 188 3112
2 24 2389
1 587
2 164 2352
2 196 4748
2 116 4737
2 157 3165
1 1777
2 39 3865
2 65 4095
2 156 4991
2 28 7251
2 148 1062
2 154 238
2 156 5491
1 411
2 216 6733
1 1105
1 2019
1 719
1 2262
2 57 8069
2 153 4703
2 278 383
1 2658
1 1854
1 1096
1 628
2 94 3829
1 2000
1 1976
2 67 8046
2 171 2027
1 77
2 286 5668
1 375
2 263 452
1 2378
2 248 7513
2 48 8098
2 229 1067
1 2481
2 89 3637
2 123 2719
1 1899
2 158 4724
2 179 5283
1 1640
1 1070
2 105 1495
1 1661
1 2364
1 885
1 1774
1 445
2 13 3660
1 722
2 183 1111
2 99 3865
2 38 244
1 1464
2 292 145
1 1850
1 802
1 498
2 291 276
1 98
1 872
2 227 125
1 604
1 2381
2 82 5001
2 36 3002
1 2323
2 197 3646
2 129 2942
1 1905
1 1502
1 2442
1 2438
1 2563
1 97
2 6 5407
2 12 8177
2 285 5344
2 251 5153
2 15 7100
2 217 1063
1 2020
1 2510
1 772
1 1314
1 1847
1 170
1 1141
1 2726
1 195
2 181 7957
2 226 3179
1 2527
2 117 2436
2 114 1551
1 829
1 564
2 161 3672
1 1300
2 45 8074
1 2012
2 305 991
1 1182
1 914
1 680
1 1075
2 38 4013
1 832
2 151 6334
2 116 4746
2 250 1015
2 233 3601
1 607
2 210 732
2 205 8096
1 1374
2 7 5102
2 58 7223
1 746
338 212 756
90 604 483 538 616 609 65 129 60 741 386 451 425 649 242 653 184 606 620 661 738 269 293 647 720 584 619 680 467 745 501 496 3 68 502 351 220 486 302 213 190 633 217 42 666 552 328 313 617 89 13 640 267 593 112 543 118 126 334 608 737 490 545 163 728 433 299 153 533 677 53 239 375 504 685 270 63 226 205 650 64 352 443 75 355 208 628 519 287 731 316 735 454 11 248 47 335 371 92 22 540 701 599 244 324 690 98 77 710 585 725 631 387 424 700 304 19 440 560 186 80 388 445 470 25 350 566 547 346 716 342 78 474 219 110 117 544 478 384 261 621 611 691 196 618 146 145 277 200 327 195 692 686 322 333 655 368 306 729 673 525 132 341 643 549 276 358 472 326 228 290 614 340 137 464 103 305 29 664 39 366 329 380 359 714 204 672 131 663 550 81 591 94 96 598 227 210 402 465 437 581 66 31 698 572 259 450 344 622 428 157 381 669 201 212 45 281 707 627 41 394 570 515 193 61 320 607 471 385 296 113 562 361 318 46 10 657 646 586 641 338 637 583 679 668 36 498 392 507 127 272 224 174 723 475 57 265 447 363 648 678 419 411 630 178 489 426 602 482 191 121 555 105 396 192 372 198 141 181 107 349 124 144 275 497 744 511 564 638 370 704 580 743 569 413 222 494 288 70 5 194 689 264 463 285 91 345 231 747 377 247 85 170 16 500 605 15 590 249 458 732 524 421 674 624 656 526 520 733 297 575 203 86 473 315 298 373 610
2 135 2139
2 67 842
2 164 1489
1 667
2 269 1982
1 501
1 345
2 317 1648
2 256 224
1 706
2 198 1466
1 546
1 141
1 411
2 286 1198
1 533
2 270 1437
1 422
2 102 569
1 637
1 499
1 290
1 191
2 28 2132
1 516
2 206 1464
2 16 1208
2 136 2026
2 200 1201
1 5
1 411
1 170
1 80
1 649
1 66
2 119 1251
2 16 767
1 640
2 313 1659
1 623
1 331
1 754
1 746
1 50
2 259 678
1 752
2 123 1311
2 264 1940
1 280
2 265 696
2 311 938
1 402
1 461
1 347
2 59 607
1 189
2 83 1064
2 111 109
2 185 1821
1 390
1 709
1 737
2 103 1099
2 321 1387
2 121 1003
1 329
2 303 2257
1 61
1 432
1 426
1 65
1 560
1 154
2 177 1818
1 514
1 316
2 116 54
2 211 1471
1 149
2 284 1289
2 316 999
1 287
2 305 638
1 737
1 178
2 183 111
2 50 1173
1 563
2 182 1761
1 378
2 133 1771
2 54 981
2 217 958
2 27 1225
2 230 1569
2 123 154
2 195 2268
2 323 1002
1 606
1 50
2 282 2073
1 431
2 216 2136
1 454
2 82 796
2 182 350
2 179 1577
1 424
2 119 235
2 123 884
1 230
2 8 330
2 235 1801
2 215 2267
1 119
1 284
1 445
1 160
2 53 115
1 16
1 632
2 327 15
1 528
1 508
1 504
2 51 1302
2 184 1015
2 63 1951
1 591
1 746
2 117 494
2 338 2257
2 74 534
1 135
1 134
2 89 1545
2 10 1959
1 408
1 201
2 245 2085
2 322 2136
2 24 2200
2 153 650
1 489
1 178
2 167 1031
2 122 1184
2 148 1168
2 281 930
1 218
1 33
1 455
2 21 2210
2 38 569
1 151
1 729
2 198 489
2 204 1505
1 186
2 327 1729
1 509
2 228 111
2 299 261
2 115 2040
2 141 1106
1 674
2 70 2166
1 523
2 274 262
2 13 460
1 398
2 153 402
1 351
1 146
1 552
1 463
1 30
1 172
2 43 1149
2 86 1317
2 334 1804
2 282 1806
1 644
1 340
1 302
2 232 115
2 161 1065
1 222
1 351
2 164 1967
2 187 1365
2 153 404
1 333
2 168 1231
2 280 960
2 10 399
2 299 849
1 226
2 116 96
1 436
1 257
1 407
1 574
1 535
1 264
2 32 1463
2 307 1722
2 164 1720
1 37
2 307 392
2 140 1529
2 131 2040
197 343 5897
3619 5183 5224 2973 1547 1650 1856 5691 4350 2690 1897 1486 2032 144 1668 3473 4372 1499 3888 5331 2530 2150 2515 704 5053 2390 3727 3695 2856 5846 3169 4998 2158 2395 272 57 567 4931 2174 3133 1105 4477 794 3915 1243 4382 2325 1585 1640 1055 1322 5189 4084 4168 5196 2594 4990 2112 4203 2045 4089 3953 1623 4174 2218 1766 2132 5520 4911 5232 5286 494 2745 1222 3236 1143 4983 5608 313 2812 5553 5467 128 754 4430 5023 4512 3 231 1021 581 5163 3435 5036 1690 758 1702 31 2738 5884 4103 14 5384 3212 5170 1769 4954 3653 19 2298 2496 550 3569 834 2866 4163 4315 852 841 3514 3647 4116 4914 1473 1176 4776 1436 5763 3180 410 5396 5117 1927 3541 2869 2152 4348 1575 4603 4271 5188 5343 1907 5442 4822 2784 1001 5851 3784 1770 4816 5799 1345 4849 2771 91 3402 1834 1035 634 5141 2821 3476 4447 3813 67 2328 2591 4160 2171 3726 3228 4037 2462 2733 2200 2327 4386 778 1078 1990 4147 771 3128 211 3249 5033 1664 392 1327 1389 306 5537 3593 905 5893 1245
1 3540
1 2802
2 178 519
1 896
1 1631
2 180 17201
2 65 13887
2 168 12999
1 1696
2 164 15003
2 59 17393
2 86 358
1 2522
2 129 748
1 4871
2 168 132
2 155 8021
2 91 16661
2 36 16903
2 41 5788
1 4344
2 36 884
1 72
1 3783
1 2967
1 615
1 3945
2 105 9605
1 3454
2 171 7982
1 4492
2 129 12970
2 160 10416
1 5419
1 2382
2 160 13463
2 94 6871
1 5808
2 119 5025
2 160 562
2 92 3373
2 67 6744
1 2500
2 51 8521
1 1579
1 5270
2 45 2088
1 4194
1 5211
1 3951
1 1296
2 159 2042
1 3071
1 1132
1 4893
2 163 7349
1 2304
2 137 11906
2 29 170
2 99 3683
2 192 10745
2 113 4729
2 183 11025
2 179 16571
2 117 16725
2 41 3785
2 157 8694
1 5868
1 825
2 138 11768
2 46 8088
2 104 3559
1 5581
2 36 13777
2 124 4969
2 78 5385
1 4978
1 3096
2 55 9417
1 353
2 23 13850
1 2843
1 2754
1 2417
2 42 12070
2 108 14131
1 3264
2 134 9452
2 91 8014
2 102 10342
2 114 8717
1 2050
2 80 15900
2 81 15074
1 5267
2 26 460
2 126 16312
1 4586
1 4469
1 1432
2 52 7645
2 56 7466
2 175 8628
1 3631
2 76 14618
1 2935
2 1 6065
2 121 5068
1 2447
2 32 8838
1 2960
1 5220
2 32 14324
2 99 6581
2 65 17675
1 1897
2 151 6758
1 5725
1 542
2 64 14740
1 2544
2 5 6178
2 178 5343
2 128 9295
2 109 15593
2 178 6611
1 5704
2 78 9701
2 180 14279
2 197 11805
1 3694
1 3659
2 3 10879
2 13 8125
1 5182
2 80 7152
2 136 9244
2 133 16939
2 59 11483
2 124 15405
2 149 15754
2 136 12553
2 130 10220
1 2161
2 165 2674
1 2300
2 86 13043
2 82 10289
1 5537
2 49 458
1 2083
1 1297
2 146 4888
1 2755
1 3921
2 146 8949
1 4252
1 1318
1 3312
1 5794
2 31 1068
1 2709
2 93 4712
2 70 680
2 79 2188
1 4577
1 3978
1 97
1 669
1 2781
2 39 4030
2 20 1324
2 27 16913
2 123 4429
2 184 10690
2 137 7864
1 4759
1 1653
1 4421
2 92 5586
2 47 16021
1 4757
2 157 16227
1 3177
2 132 832
1 1553
2 132 1202
1 5591
2 72 24
1 4829
1 4544
2 50 902
2 170 8248
2 154 15718
1 2062
1 4933
1 2999
1 4258
1 5199
2 153 15254
1 4268
1 2996
2 123 5730
1 3825
2 14 11299
1 187
2 187 3926
1 3637
1 883
2 187 3879
2 4 8191
2 134 11300
2 87 6243
2 58 1292
1 4624
1 2563
1 4604
1 229
2 91 10131
2 188 11968
1 1983
2 162 13828
1 5502
2 89 7729
1 5070
1 88
2 70 2231
1 4384
2 172 6969
2 33 4198
1 1284
1 4317
1 5284
1 3594
2 1 14747
1 2033
2 181 1378
1 3784
1 3281
1 2390
1 4971
1 2734
1 1051
2 31 10900
1 1199
1 3946
1 4700
1 322
1 1454
1 2245
2 181 3262
2 111 4156
2 129 6704
2 89 10946
2 77 3226
2 190 6590
1 5397
2 10 6663
1 1273
2 156 16391
1 3831
2 161 12428
1 439
2 188 13497
2 22 12665
1 3335
1 1206
1 595
2 106 14881
2 195 17297
1 2895
1 5887
2 184 7147
1 1092
2 74 6851
1 1899
2 25 3815
1 4979
2 51 14264
2 62 726
2 29 13861
2 175 15943
1 1133
1 1407
2 34 11983
2 26 5479
2 39 2826
2 137 14320
2 134 4168
1 1417
2 84 14760
1 4860
2 130 3105
1 4403
2 151 2950
2 119 6665
1 752
1 5114
2 137 5317
1 3987
2 5 7958
1 825
1 4577
1 5172
2 97 11154
2 12 13388
2 89 3728
2 92 13955
1 5304
2 117 5374
2 96 10689
2 113 5395
1 5025
1 4780
1 5213
2 72 14570
2 197 14704
2 187 2669
1 4482
1 4436
1 4873
1 352
2 115 4263
1 4575
2 183 16962
2 147 1934
1 2825
1 4962
2 23 2245
1 5588
1 2556
2 111 6604
1 1067
1 4773
1 4595
2 78 14292
1 5076
1 21
2 183 15113
1 4371
1 936
1 482
1 824
434 451 8604
1966 1216 881 6564 2004 7155 1693 3825 5584 1999 2776 40 5564 1662 8300 1665 3162 7137 2203 6872 3677 3426 7201 7946 6570 1332 8398 1121 1879 2335 8283 5600 4265 1221 353 1023 3339 5608 3429 4503 3513 2104 8415 2939 1887 7366 1072 428 4332 471 2881 4024 1381 8204 5387 5507 8379 6321 2482 1771 1211 7347 304 3960 2567 2245 7061 4848 8144 1791 7194 5133 3439 4135 3907 3613 5694 1041 1144 4610 7454 8441 4734 3531 1453 5821 4120 8216 2021 6640 1477 1063 6138 2378 2326 7102 2889 6688 4347 5258 4573 6789 6026 7132 6037 1251 7306 1814 4638 4425 2391 741 331 3136 1387 5850 721 8235 7795 1694 6518 1698 1462 5538 6529 3588 4528 5119 4929 3643 421 3049 2424 3327 2774 1836 1360 3411 5618 3710 6594 4203 3981 7460 3556 2729 7811 444 7649 4812 4497 4463 7705 1874 5204 993 3077 2603 8131 2069 3305 2548 3987 7325 5985 1495 4909 3254 2969 6411 1774 8036 6973 2875 6506 4011 6790 504 2616 6319 2311 1985 7891 2242 6059 5513 7947 5473 3296 6356 3273 7179 2563 8454 1611 3536 984 7459 4729 6344 475 3413 6399 5670 6736 214 3314 1846 5225 2717 5643 2673 5122 7338 1669 4224 3561 1642 8440 5295 6310 1007 3031 5556 6398 1336 5401 3238 4680 2312 5683 2007 200 3539 828 6511 3747 7832 2834 4072 622 4296 8549 4162 6609 7453 5949 5712 7251 3041 1420 6910 594 3130 6515 8018 950 1733 6726 3553 2739 2575 636 8474 8295 29 2537 4771 2309 3713 3303 6763 3994 2347 3134 8226 7420 125 1411 1056 8061 3377 1760 3978 4776 1995 1125 7609 5955 2341 1353 4436 5855 7551 3375 1118 5674 7320 8560 7831 6904 7410 7472 5835 1307 2251 7248 8464 1183 2589 4710 6002 932 31 3750 8547 3916 1974 5596 7428 1305 5843 5982 4784 6817 7418 957 4973 3933 2518 5244 1289 8407 3672 3155 2196 3737 960 3728 5836 8326 4779 3962 5718 1901 781 1695 852 19 3951 2936 8516 7381 4551 4827 3025 1552 585 2268 6799 7793 1242 6161 2015 2967 7466 4229 4492 8494 7376 6553 3239 978 5438 6306 1766 366 6991 6203 1504 2469 8515 3638 2862 7601 2942 3438 8492 4592 2802 332 6829 3875 190 4353 2177 422 8275 3969 4925 7517 4411 831 3443 7746 5192 1779 2307 2091 3743 7634 3259 7388 5962 6030 2124 2171 4449 6731 3910 4907 276 6136 285 2020 1540 4054 1084 2722 7257 1435 6456 1253 376
1 6226
1 1785
2 408 7370
1 1046
2 428 9695
2 2 18449
1 4741
1 4894
1 3406
1 4605
2 158 20709
1 8285
2 346 6103
1 1232
2 119 13962
2 158 2691
1 3762
1 6912
1 378
2 300 2927
1 8404
1 5594
2 199 9003
2 159 7731
2 82 5072
1 7102
1 5259
1 4474
2 167 11495
2 270 12979
1 7029
2 295 21173
1 3076
2 173 25568
2 53 11933
2 213 2682
1 8
1 2893
2 144 9818
1 4583
2 273 25237
2 234 13735
2 424 20905
1 6441
2 257 5508
2 259 15426
1 8447
2 408 22897
2 408 19783
1 6726
2 190 11755
2 202 1142
1 6285
1 4403
1 4683
1 5000
2 68 9030
1 2011
1 2558
1 315
2 291 8748
1 1952
2 94 17893
1 4546
1 138
1 7341
2 147 2159
1 1492
1 7115
1 8132
2 189 18767
1 3644
1 6910
1 572
2 88 12995
1 6960
1 3622
2 45 22707
2 19 7075
1 4928
2 269 24817
2 122 12220
1 6301
2 332 19435
2 105 693
2 406 22368
1 8201
2 66 13444
2 205 3995
2 113 4446
2 188 24465
1 6819
1 2409
2 100 15834
1 6783
1 8316
2 393 15491
1 2888
2 210 22258
1 6848
1 8069
1 4019
1 5088
1 7112
2 401 1884
1 7331
1 1980
1 5061
2 415 25161
1 4304
1 2918
2 85 22183
2 290 7758
2 293 20168
1 6791
2 385 10267
1 4164
2 269 12727
1 3153
1 4638
1 5397
2 124 4352
2 203 19817
1 7311
2 80 7473
2 27 214
2 155 3660
1 6854
2 403 19353
1 2835
1 7425
2 170 3025
2 380 14602
1 6651
1 1510
2 33 1776
2 292 12939
1 2128
2 115 13224
1 280
2 180 15486
1 578
1 2449
2 181 945
2 87 7299
1 4965
1 926
1 7307
1 110
2 230 2948
2 124 17008
2 86 21069
2 363 20805
2 408 1049
1 4953
1 696
2 71 18007
2 136 10508
2 266 1480
2 363 14779
2 149 3180
2 342 3483
2 273 4597
2 144 2065
2 169 6844
1 2940
2 423 4746
2 416 15643
2 387 6717
1 2747
1 916
2 38 1000
1 2098
1 270
2 233 18753
1 2547
2 298 24615
1 2858
1 3593
2 205 6061
1 8046
1 4962
2 91 2069
1 2290
1 4747
1 628
2 423 21809
2 247 6077
2 407 10570
1 8250
1 8320
1 6394
2 269 17121
1 3018
1 2291
1 8551
1 1552
1 3890
2 303 17909
2 211 21966
1 2239
2 190 6208
2 3 2942
2 83 3904
2 250 18156
2 29 24526
2 34 22219
1 6351
1 4453
2 47 17771
2 138 268
1 7436
2 431 18135
2 57 2746
2 333 18302
2 399 14454
2 1 23795
2 316 12036
2 15 11879
1 2529
2 27 10082
1 5293
1 7133
2 199 14165
1 5264
2 431 24752
2 370 19550
1 4561
1 923
2 420 21139
2 168 269
1 5955
1 1053
1 8013
2 304 551
1 330
2 228 15897
2 10 7947
1 4356
1 8107
2 39 6716
1 344
1 6370
1 4935
1 5694
2 199 11681
2 278 8339
2 280 21129
1 7878
1 3599
2 119 908
1 1109
2 163 14512
2 329 10333
1 5506
2 78 23212
1 2084
1 2738
1 4698
2 165 11495
2 119 21444
2 30 13423
2 230 10025
1 5858
1 1747
2 83 6028
1 2214
1 5379
1 4146
2 355 16206
1 5353
2 139 17156
1 7717
2 285 2192
2 186 11851
1 17
2 366 9453
1 1565
2 112 17572
1 1321
2 154 7805
1 6244
1 7881
1 8010
1 2252
1 1741
2 111 22449
2 46 6692
1 2885
1 5172
1 8096
1 4423
1 1272
1 3734
1 1296
2 377 20742
1 4536
1 205
1 8297
2 46 14352
1 154
1 3807
1 1309
1 708
1 4649
1 6038
1 5891
2 87 780
2 188 19548
2 396 14185
2 44 11876
2 21 11866
2 207 25091
1 6082
1 5296
2 11 5423
1 8205
2 306 16728
1 61
1 6047
2 153 13823
2 86 19821
2 54 669
2 398 9078
2 205 22726
2 280 2768
2 74 23982
1 303
2 240 13498
1 4153
1 5350
2 392 20002
1 1076
1 2578
1 4482
2 138 4545
2 287 17341
2 315 336
1 694
1 1269
1 217
2 111 6017
2 270 15784
1 4292
1 8545
1 3249
2 70 14115
2 29 18718
2 43 15374
2 138 19826
1 4575
1 4879
1 6836
2 274 15755
2 45 25142
2 63 7233
1 5827
1 2839
1 3240
1 1223
1 2662
2 228 15892
2 10 13083
1 1630
2 264 15093
1 4819
1 1475
2 214 3931
1 7758
2 282 1477
2 177 6451
1 7628
1 7985
1 4928
2 401 9578
2 86 1502
2 195 11573
1 1980
2 42 9158
1 2181
2 116 9884
2 161 8794
2 15 22916
1 301
2 152 10032
2 194 16033
2 253 10487
2 403 10323
1 3949
2 294 7310
1 1772
2 395 3548
1 5410
2 346 16256
2 255 14981
1 710
2 56 16718
2 342 23045
1 346
2 55 5405
2 160 4334
2 78 4264
1 6735
2 297 2739
2 213 5853
1 8036
2 272 11532
2 94 9532
2 204 9210
2 93 24197
1 6180
1 1235
2 114 19729
2 29 13934
2 400 20554
2 293 5036
2 323 22867
2 388 7355
1 3291
2 193 10790
1 534
2 346 2092
2 257 3525
1 7321
2 170 3982
2 287 2323
1 8306
2 232 5652
1 3418
2 417 7986
1 2725
2 128 16615
1 576
1 1285
1 6781
2 89 20727
2 316 19304
1 933
2 344 9447
1 2988
1 7167
1 6651
1 8351
1 4777
2 5 676
2 216 20170
2 348 5792
2 40 13428
2 370 8729
2 73 1711
2 226 5640
364 288 6102
226 1034 151 6095 5936 170 3460 325 4790 1588 4292 1007 3309 5588 670 2389 174 565 5572 2416 3279 3784 397 2319 1229 1014 4010 4983 1470 5095 1250 1152 4753 3635 931 1123 669 768 327 3414 4837 4220 504 2064 1130 3917 2314 64 5854 414 2654 2975 886 4513 954 4124 2414 3410 1984 1052 2313 583 4202 3957 3768 2919 803 4969 2177 950 3876 621 1769 1741 5951 2786 1327 4755 2216 5403 5916 1580 2929 3905 1032 2706 3745 1134 4044 4481 5147 2095 4280 65 2940 1484 1182 5504 1362 6006 3737 353 4302 842 2356 1031 2639 2962 5154 4703 1644 3871 356 499 5806 2437 836 2431 1975 552 5055 4964 1524 608 2965 1645 2493 2603 4487 1306 2552 194 2583 2285 6089 982 4080 2549 734 173 3089 2151 3071 3742 131 5177 4182 1201 5897 4176 3141 4313 4987 3045 4897 3775 5081 3890 1999 660 577 1554 5395 237 4811 473 2613 4139 3038 4779 4298 1381 3149 1192 24 2908 2771 4559 5698 1219 3973 5636 2134 399 957 3816 5060 1154 1836 4060 2079 3840 703 5175 6012 2511 754 2040 5879 5546 1622 1494 909 4023 5926 4322 5574 5751 3947 4899 588 4272 586 591 1537 3806 3866 4521 3495 2989 5582 1936 773 432 4502 5448 1796 1208 2093 6028 3395 4927 5910 2475 74 278 4171 798 1682 4630 4617 4566 3901 5830 520 530 3922 342 2689 218 2691 102 3399 4549 3727 4002 1926 4032 1744 4615 3366 526 4644 4721 1492 1495 5857 1413 642 180 2433 771 5075 5461 3328 5654 3316 3694 4334 6030 983 4744 5235 2857 4576 2636 6010 384 559 14 5796 913 6070 3076 5482 984 741 5002 4117 1636 2007 1826 5230 4264 4946 806 1911 1690 3276 1175 2488 6 4687 1910 1608 4557 4007 4311 2572 1217 2107 4839 869 359 5770 333 1683 114 5207 2494 540 1001 2997 3560 3189 5653 5832 2277 1656 1316 2769 3820 3824 407 686 5841 496 872 3039 1927 4050 4250 5105 1241 5754 493 2300 4551 4859 1276 672 4623 1066 2477
1 4193
1 21
1 572
2 122 6409
1 3300
2 149 8562
2 127 14322
1 3910
2 184 5379
2 217 12398
2 256 8611
1 2146
1 5935
2 334 17379
2 287 8991
1 1805
2 186 5790
1 3726
2 314 9330
1 1305
1 1158
2 343 15969
2 125 16151
1 2330
1 3207
1 5056
2 258 54
1 2156
1 11
1 4906
1 318
1 1703
1 3275
2 308 14673
2 44 467
1 55
1 2999
2 74 12866
1 3512
2 319 4462
1 1619
2 60 12175
1 1828
1 3256
1 3629
1 2774
1 704
2 274 10034
1 644
1 669
2 72 15024
2 77 14006
1 1159
1 942
1 575
2 38 2185
2 244 5726
2 157 668
2 345 14112
1 5897
2 100 16676
1 4860
2 244 8799
2 240 12672
1 4216
2 176 9791
2 155 17072
2 184 8298
2 66 12444
2 358 4982
1 1303
2 257 9737
1 2965
2 299 13208
2 119 1852
2 349 4758
2 192 3218
2 261 14177
1 2475
1 2381
2 28 5726
2 362 220
2 4 8975
2 362 6161
2 196 11217
1 5819
2 45 4001
2 268 16079
2 119 5037
1 1421
1 310
2 189 5436
1 1067
2 238 15325
2 335 13476
1 414
1 916
1 5047
1 2914
1 3135
1 890
2 63 17678
1 3369
2 172 11615
1 5234
2 58 9984
1 2231
2 248 17206
1 3113
1 4873
1 293
1 1556
2 361 5225
2 101 13883
2 207 4468
1 816
1 4503
1 4902
1 2797
2 107 9075
2 115 12439
2 284 3498
1 709
1 4404
1 5057
2 364 3803
1 3557
2 242 15595
1 956
1 2466
2 319 7506
2 145 17642
1 5411
1 3385
1 494
2 155 18207
2 240 15832
1 3797
2 284 16042
1 2920
1 4674
1 501
1 179
2 89 14327
1 5425
2 348 16432
1 1551
2 256 11060
1 725
2 250 941
2 185 15545
1 2233
2 53 2096
1 4596
1 1778
1 5403
2 317 12218
1 25
2 113 11891
1 81
1 93
1 5235
1 5574
1 889
2 364 15821
2 207 3536
1 4393
2 263 7865
2 126 2394
2 110 13934
2 187 4322
1 3370
2 50 12313
1 1324
2 315 6150
1 255
2 343 2978
1 5824
1 1185
2 92 17818
2 137 525
2 126 12359
2 126 13337
1 3881
1 4610
1 2589
2 180 8658
1 2583
1 2551
1 2174
1 1815
2 91 2920
1 2745
1 4344
2 165 15695
1 4339
1 88
1 5084
2 30 17228
2 11 2806
1 774
1 56
2 194 18063
2 107 4881
1 1007
1 4979
1 3291
2 348 17817
2 134 12884
1 1496
1 6080
2 83 6189
1 1243
1 1518
2 356 6952
2 79 7033
1 5003
2 150 5592
1 935
2 172 13173
2 77 16071
1 3216
2 22 16397
2 253 10261
1 2174
2 233 13908
2 158 5048
1 5395
2 41 306
2 201 1582
2 283 4294
2 22 13821
1 4209
1 3859
2 67 16755
1 1412
2 270 14688
1 4162
2 16 2988
2 290 9661
1 3755
1 3399
1 5347
2 141 3800
1 815
2 236 2037
1 306
2 17 6053
2 101 5759
2 132 11162
1 5651
1 1216
2 40 13091
2 78 6518
2 205 18254
2 276 16459
2 49 13684
1 4667
1 2366
1 4747
1 2873
2 320 14868
1 3642
1 2776
1 5142
1 157
2 128 2464
1 4893
2 264 9107
2 128 9566
2 112 797
2 141 15227
1 1331
1 1625
2 335 242
1 6072
2 96 11747
2 280 3069
2 326 5866
2 258 14584
1 5870
1 3771
1 5209
1 2919
2 95 2681
2 329 4542
2 94 16283
2 277 11332
