84
4 4
0 1 2 0
1 2
2 3
3 1
4 2
6 7
0 1 2 4 3 1
1 2
1 3
2 4
3 4
4 5
5 6
6 4
3 2
1 0 2
1 2
2 3
6 6
0 1 2 1 0 0
1 2
2 3
3 4
2 4
3 5
6 4
5 5
3 0 2 3 1
1 4
4 5
2 4
3 5
2 3
3 3
1 0 0
1 2
1 3
2 3
9 10
3 7 6 5 6 7 2 7 0
3 7
3 4
1 4
4 9
6 9
6 8
5 6
2 8
1 9
2 5
10 11
7 3 2 9 8 2 2 1 2 8
1 3
3 6
5 6
1 10
4 6
4 8
1 7
2 4
1 9
8 9
7 10
10 12
9 0 0 9 6 3 8 8 1 6
1 9
1 3
6 9
1 5
6 8
2 9
2 4
4 10
7 9
4 6
1 7
3 5
8 9
7 2 1 4 4 3 5 4
6 7
3 7
2 7
4 6
7 8
1 8
2 5
4 8
3 5
9 9
8 8 7 6 8 6 0 3 3
5 9
8 9
7 8
2 5
1 7
6 9
3 6
4 6
5 6
10 9
9 2 0 9 7 0 3 1 7 6
4 9
4 10
5 10
1 9
6 10
3 6
7 10
5 8
1 2
9 8
2 8 6 5 0 0 7 7 7
1 4
1 8
1 9
2 4
1 6
3 4
3 5
3 7
3 2
0 2 2
2 3
1 3
7 6
2 4 5 2 2 4 1
1 4
4 6
1 3
5 6
5 7
2 7
5 5
0 3 4 0 4
1 4
4 5
1 3
2 5
2 3
4 4
1 3 3 1
2 3
1 3
1 4
1 2
8 7
7 7 0 3 1 5 2 1
3 8
1 3
3 4
5 8
4 6
5 7
1 2
6 6
2 2 1 4 4 5
3 4
2 4
3 6
1 3
1 5
4 6
7 6
5 4 0 3 1 4 3
5 7
5 6
2 7
3 7
4 6
1 7
7 6
1 0 4 3 5 6 6
4 5
2 4
4 7
1 7
3 7
5 6
6 5
0 1 5 0 1 4
1 4
4 6
3 6
2 6
3 5
6 5
5 1 5 5 4 1
2 6
5 6
1 2
4 6
1 3
3 2
1 2 1
2 3
1 2
9 9
1 6 3 2 2 7 6 1 1
1 5
5 8
2 8
2 6
3 6
3 9
4 9
4 7
1 7
7 7
3 1 3 0 4 3 2
2 6
2 5
5 7
4 7
3 4
1 3
1 6
7 7
4 5 4 5 4 2 0
2 6
1 2
1 3
3 7
5 7
4 5
4 6
10 10
9 8 3 5 5 2 2 3 1 8
1 2
2 5
5 7
6 7
6 10
8 10
4 8
4 9
3 9
1 3
3 3
1 2 1
1 2
1 3
2 3
48 58
32 22 34 6 10 7 34 38 23 38 26 1 35 26 5 15 46 13 19 4 11 19 34 16 24 34 25 14 5 35 14 30 39 32 15 17 4 42 11 19 44 46 44 27 22 33 35 13
13 41
4 13
4 30
4 19
19 39
4 5
18 39
15 30
1 13
5 21
10 19
3 18
3 32
3 33
30 37
19 28
32 48
5 12
21 35
16 48
20 37
15 27
22 35
4 25
22 24
11 22
18 40
2 32
6 25
7 39
9 10
12 43
39 47
30 38
7 44
14 48
24 31
9 36
5 29
40 46
27 34
29 42
23 27
26 33
41 45
3 17
8 34
13 19
21 38
10 14
15 37
17 26
5 43
8 15
44 47
5 42
10 36
11 24
27 31
8 7 0 18 25 19 16 26 16 11 18 3 5 19 23 7 20 24 19 2 23 14 5 5 4 0 13
16 24
11 24
6 11
11 26
8 26
8 19
6 25
11 21
5 11
2 11
11 27
3 5
8 20
19 22
18 26
1 8
3 4
12 21
17 25
15 17
23 27
10 24
9 20
14 15
7 21
13 25
1 17
3 12
23 24
14 17
20 22
46 53
37 39 2 0 24 24 21 1 9 12 12 7 1 37 32 9 26 0 23 2 8 22 44 37 23 28 41 28 45 4 1 24 17 32 11 12 25 39 45 15 16 6 36 6 7 43
24 38
28 38
24 26
8 28
26 41
9 38
2 28
13 24
2 18
13 37
11 37
25 26
37 46
5 11
23 37
8 17
18 27
8 14
22 41
10 25
17 30
7 14
13 20
15 23
22 44
13 31
37 40
28 39
19 46
14 45
42 46
8 33
4 20
1 8
35 42
10 16
3 11
12 45
5 32
25 36
21 38
29 40
12 43
34 41
6 16
13 32
20 26
1 12
8 9
34 44
6 25
15 19
29 37
32 35
2 2 15 0 17 21 13 4 1 17 2 0 22 2 5 15 15 25 8 21 15 13 22 24 14 31 30 5 14 25 20 8
17 19
17 23
6 17
19 32
23 31
4 17
7 32
17 18
16 32
22 32
15 19
23 30
12 31
21 31
7 29
8 12
21 26
1 31
10 18
20 22
1 27
6 28
11 22
5 19
6 25
3 16
14 30
1 2
2 13
22 24
9 27
9 28
3 4
7 11
8 31
48 52
3 32 43 43 43 29 18 9 8 47 8 11 29 12 3 29 15 10 27 0 14 13 6 41 13 42 17 1 10 26 44 47 1 25 13 28 41 8 18 41 14 22 10 3 18 7 36 44
6 47
6 14
9 14
2 47
14 18
2 13
6 23
2 25
2 40
23 31
10 31
14 24
15 23
25 32
25 30
15 29
14 17
10 26
10 11
18 33
3 40
33 35
9 20
23 27
20 46
30 44
14 42
1 32
32 37
32 38
47 48
19 48
8 9
22 32
5 44
20 39
12 33
1 45
34 40
32 43
6 36
7 8
16 48
24 41
21 48
4 24
3 28
1 48
7 24
26 42
15 27
9 46
24 27
5 12 10 12 12 0 1 8 22 4 19 23 8 1 20 0 2 11 2 20 3 17 14 13
8 17
8 11
10 17
1 11
1 3
8 15
11 13
11 20
1 12
7 13
15 24
1 18
2 17
9 18
2 19
8 16
2 22
6 9
16 23
18 21
5 21
1 4
14 15
6 22
7 11
16 24
3 4
45 50
15 6 43 31 43 41 27 11 29 10 33 21 15 24 17 23 43 35 41 13 9 36 3 14 0 40 44 28 35 20 21 11 28 23 15 39 20 35 41 8 0 13 27 40 11
10 11
10 16
16 44
11 13
6 11
16 23
13 31
11 40
10 12
11 43
12 34
35 43
25 35
8 40
23 30
25 26
20 43
17 40
14 20
34 41
5 26
28 41
6 18
27 41
7 40
3 40
17 22
14 32
34 36
10 19
28 29
2 19
17 38
4 17
8 24
5 37
1 3
15 29
25 33
11 42
11 21
9 40
23 39
9 45
14 45
29 39
5 25
7 22
2 10
21 42
42 44
23 24 37 39 27 16 24 32 30 30 14 12 7 12 9 5 9 30 5 0 41 34 7 4 7 28 31 27 32 1 14 12 12 7 28 35 6 8 29 2 32 17
14 24
13 14
13 19
14 15
19 35
13 29
3 24
3 8
7 15
24 40
29 33
13 16
8 28
8 10
28 42
5 35
22 28
5 34
28 30
33 41
4 13
18 28
1 4
2 14
9 33
5 6
37 41
17 18
26 37
22 27
17 23
8 31
6 39
23 38
12 15
32 35
20 22
16 21
10 11
25 28
27 36
27 34
33 37
17 25
30 36
7 4 20 18 26 9 3 28 10 4 14 21 2 14 28 22 13 25 29 17 24 24 15 28 3 25 21 14 7 26
8 24
21 24
8 23
6 24
16 21
4 6
6 30
3 4
24 28
7 16
23 25
12 28
1 28
2 24
18 21
18 20
3 27
19 20
13 20
15 21
4 29
16 26
2 9
11 23
22 28
14 24
5 21
17 18
10 13
15 19
6 23
26 28
11 25
3 30
10 20
12 22
45 45
25 42 27 29 15 43 22 9 26 36 40 38 19 14 17 33 36 37 17 11 25 1 37 26 30 17 8 10 24 41 21 31 42 4 25 36 9 6 10 0 14 3 8 28 2
19 24
19 27
10 24
21 24
19 39
15 21
15 17
7 21
17 25
24 32
10 11
18 32
25 26
2 39
25 38
6 15
10 44
26 28
23 44
3 26
9 44
32 35
8 21
24 40
30 40
10 42
14 28
21 43
11 29
33 44
16 28
36 42
31 33
20 28
28 37
4 29
34 43
5 28
12 25
8 13
22 36
1 22
28 41
26 45
10 17
41 49
28 30 15 35 9 40 21 38 4 9 7 2 1 19 12 18 39 3 18 39 1 1 0 7 18 5 24 29 18 11 33 33 4 25 21 6 25 1 7 16 14
28 37
28 41
23 37
10 41
28 31
6 23
24 31
13 24
24 40
1 6
18 24
9 23
15 18
19 24
21 37
7 13
21 38
3 13
34 37
17 18
9 33
19 35
39 40
9 12
24 27
1 4
2 10
3 30
26 40
22 33
10 25
5 37
3 29
2 16
19 20
10 32
11 41
14 19
35 36
8 12
27 37
21 33
32 41
20 30
4 6
19 36
11 28
2 25
24 26
22 24
20 16 8 14 21 15 6 14 13 18 3 5 9 12 6 13 18 15 1 5 8 10
20 22
9 20
8 22
2 9
2 11
8 13
7 9
8 14
8 19
12 14
2 17
4 14
11 18
5 11
10 13
12 15
21 22
6 7
1 5
14 16
1 3
12 18
1 11
8 10
43 47
2 11 28 1 16 21 26 3 40 28 0 20 23 4 32 40 17 41 34 39 28 24 6 12 20 13 1 33 42 1 40 21 40 7 32 36 29 13 37 30 30 3 31
9 28
1 9
9 10
9 29
29 42
9 31
31 34
1 41
1 36
24 31
10 38
1 37
16 24
16 35
37 40
16 25
33 42
15 28
24 27
14 40
9 17
21 27
7 35
6 27
26 37
19 31
9 30
5 30
3 14
8 31
27 43
12 40
5 39
11 29
27 32
4 32
18 36
20 36
19 22
2 39
1 23
13 30
17 34
39 41
11 33
6 35
12 18
36 40
27 31 8 9 33 27 9 6 27 28 21 9 5 28 6 19 28 14 3 10 27 19 26 3 27 18 23 14 29 11 7 26 30 12 19 15
8 28
8 24
24 36
12 24
5 36
8 9
9 19
27 28
18 36
14 28
14 33
20 24
9 15
11 33
12 31
7 28
19 29
18 21
16 31
14 17
13 36
18 23
7 35
29 32
22 36
23 34
5 30
24 26
8 10
2 24
4 9
3 34
1 8
25 34
4 6
4 33
5 8
22 23
9 32
16 20
42 50
25 38 37 6 29 1 36 32 25 38 38 19 40 36 6 0 19 12 4 30 5 17 15 29 21 25 34 26 0 6 29 2 28 16 17 24 6 1 0 4 41 19
6 11
11 37
36 37
11 17
6 13
12 36
13 15
14 37
17 23
23 30
32 37
11 24
5 37
12 29
6 40
17 21
24 25
6 28
16 25
5 33
10 15
5 19
18 36
20 40
9 16
18 38
8 17
3 20
18 26
2 28
25 42
4 16
22 37
24 31
7 38
23 41
10 27
1 20
4 34
28 39
30 35
16 41
28 40
5 18
16 34
14 22
15 37
7 26
19 33
1 3
46 45
31 44 6 8 2 37 27 16 15 36 11 31 25 43 36 29 5 14 30 30 2 35 42 37 45 16 44 25 45 18 38 4 16 33 41 23 25 17 37 35 10 39 9 0 43 42
10 27
10 12
10 34
17 27
17 29
34 38
14 27
17 44
36 44
12 19
25 36
14 42
23 25
1 19
34 41
18 23
19 37
28 38
8 10
19 45
10 24
6 28
6 46
15 46
29 33
26 29
25 31
38 39
20 39
1 7
7 43
9 44
23 40
2 34
13 45
13 22
16 20
2 35
5 14
4 19
10 30
11 20
21 42
3 34
32 33
28 27
3 19 10 14 1 6 11 18 14 12 8 0 3 24 25 24 25 25 24 7 18 1 20 14 17 5 19 20
25 26
2 25
4 25
7 25
6 26
2 15
2 10
4 17
8 17
10 21
7 20
2 22
2 11
4 14
2 23
21 27
9 20
4 28
13 23
19 21
3 8
14 16
18 27
4 12
5 13
1 12
5 24
21 20
5 14 20 14 18 18 14 11 20 17 18 5 2 2 5 0 0 17 2 3 18
3 15
3 4
3 20
4 11
3 18
11 17
4 8
6 18
3 5
13 17
3 14
2 18
1 18
8 12
6 10
1 16
6 9
7 15
3 21
9 19
40 39
20 26 0 5 7 6 5 29 27 36 10 30 11 23 29 15 0 37 24 33 17 27 8 17 25 10 23 5 34 39 1 25 15 11 11 11 1 27 8 15
2 3
3 9
9 19
9 28
2 17
23 28
3 25
10 25
9 34
11 17
4 17
5 28
10 26
2 15
5 37
11 39
16 19
20 25
30 39
20 24
19 32
21 37
8 24
7 28
6 19
37 38
1 30
8 14
31 39
26 40
2 35
4 22
2 27
12 35
21 36
7 13
16 29
18 36
11 33
48 47
8 2 37 12 9 38 27 31 14 14 45 27 20 39 30 0 20 9 27 34 25 7 43 3 14 0 28 42 21 46 21 34 9 30 42 45 31 12 40 5 39 10 23 34 4 19 36 8
32 33
2 33
33 34
2 35
29 32
4 35
2 6
35 47
32 48
2 22
20 22
3 35
5 33
44 48
32 46
33 36
22 27
19 20
18 20
31 34
26 48
36 41
43 44
2 7
18 28
38 43
12 43
27 39
11 43
9 31
8 11
12 21
10 39
8 40
14 18
18 23
1 32
21 37
8 16
11 15
24 41
17 47
30 48
42 47
19 45
25 37
2 13
20 25
1 6 12 5 5 10 16 10 13 3 8 17 5 3 15 9 9 6 12 1
1 2
2 3
3 4
4 5
1 5
5 6
6 7
7 8
8 9
9 10
5 10
10 11
11 12
10 12
12 13
13 14
12 14
14 15
15 16
16 17
17 18
14 18
18 19
19 20
18 20
29 35
1 19 19 23 7 14 22 27 12 18 9 5 19 10 6 26 2 24 7 24 21 5 18 2 1 7 18 0 15
1 2
2 3
1 3
3 4
4 5
5 6
6 7
3 7
7 8
8 9
9 10
7 10
10 11
11 12
12 13
13 14
14 15
10 15
15 16
16 17
17 18
18 19
15 19
19 20
20 21
21 22
22 23
23 24
19 24
24 25
25 26
26 27
27 28
28 29
24 29
23 29
8 0 4 6 3 8 15 8 5 7 13 10 6 7 1 10 11 15 16 9 18 8 1
1 2
2 3
3 4
1 4
4 5
5 6
6 7
7 8
4 8
8 9
9 10
10 11
8 11
11 12
12 13
13 14
14 15
11 15
15 16
16 17
15 17
17 18
18 19
17 19
19 20
20 21
21 22
22 23
19 23
41 53
11 22 17 31 31 33 17 25 31 28 40 9 40 26 9 39 6 31 33 16 2 19 3 16 17 0 23 19 21 10 38 4 15 37 33 8 27 29 32 27 5
1 2
2 3
1 3
3 4
4 5
3 5
5 6
6 7
7 8
5 8
8 9
9 10
8 10
10 11
11 12
12 13
13 14
14 15
10 15
15 16
16 17
15 17
17 18
18 19
19 20
17 20
20 21
21 22
22 23
23 24
24 25
20 25
25 26
26 27
25 27
27 28
28 29
29 30
30 31
31 32
27 32
32 33
33 34
34 35
32 35
35 36
36 37
37 38
35 38
38 39
39 40
38 40
40 41
49 59
8 27 14 23 16 22 41 43 27 20 19 10 22 46 40 6 15 40 46 18 7 22 33 28 16 5 7 39 0 41 8 14 26 13 10 21 33 2 6 11 3 17 42 13 31 45 5 9 15
1 2
2 3
1 3
3 4
4 5
5 6
6 7
7 8
3 8
8 9
9 10
10 11
11 12
12 13
8 13
13 14
14 15
15 16
16 17
17 18
13 18
18 19
19 20
20 21
21 22
22 23
18 23
23 24
24 25
25 26
26 27
27 28
23 28
28 29
29 30
30 31
31 32
32 33
28 33
33 34
34 35
35 36
33 36
36 37
37 38
36 38
38 39
39 40
40 41
41 42
42 43
38 43
43 44
44 45
45 46
46 47
47 48
43 48
48 49
88 95
2 45 60 0 40 3 0 7 1 16 18 60 63 70 68 36 65 28 40 69 10 78 58 19 42 79 5 73 85 8 60 82 32 71 68 40 17 5 20 18 40 19 23 7 81 66 61 53 41 31 1 18 64 5 10 21 87 51 24 63 31 68 80 9 23 71 3 73 9 78 55 20 49 13 9 0 61 21 72 63 10 82 19 48 61 32 84 47
20 84
20 68
73 84
20 29
77 84
47 77
14 47
45 47
41 73
41 65
13 65
13 85
32 41
18 84
56 77
20 40
25 32
14 19
8 56
29 36
7 68
16 36
14 35
45 49
44 49
49 59
9 68
49 64
17 40
20 21
24 29
35 58
25 60
64 82
23 73
32 69
77 87
44 70
9 31
15 59
4 18
45 79
35 63
19 67
10 60
61 82
7 43
12 56
43 57
5 73
5 11
50 57
3 56
5 55
28 67
70 81
34 41
39 70
22 41
23 86
32 88
23 83
54 79
26 41
39 76
12 72
29 75
2 75
21 30
39 42
12 37
6 57
4 74
1 72
48 83
62 64
17 33
37 38
8 66
12 51
11 78
52 65
53 69
1 27
61 71
32 80
23 46
41 70
33 50
52 69
55 83
66 87
2 74
28 63
46 86
92 92
53 22 14 32 59 91 48 35 85 68 59 28 80 38 40 32 29 6 82 87 47 39 81 21 30 40 48 51 13 8 53 43 38 91 14 59 4 70 63 0 79 2 13 89 88 49 55 51 69 0 89 71 74 31 28 39 3 41 6 43 54 91 26 39 64 48 31 43 25 91 4 21 83 50 10 43 69 10 12 3 24 19 71 89 83 80 70 42 14 68 79 12
8 63
59 63
63 65
6 8
8 51
51 88
63 81
6 42
35 63
24 63
20 51
8 15
50 59
75 88
85 88
50 80
82 85
49 50
31 85
34 35
21 49
4 6
39 88
6 64
39 90
11 34
16 81
23 35
64 83
57 65
38 63
56 63
16 28
21 41
10 15
4 30
21 76
63 91
71 75
27 82
49 61
11 14
80 89
27 84
4 44
11 36
9 90
69 84
50 87
37 65
6 79
24 45
27 62
70 71
49 73
19 85
17 82
31 53
27 78
25 63
41 58
8 72
51 77
22 64
1 85
5 77
43 51
20 86
55 62
18 63
2 49
27 47
22 40
1 48
44 74
60 81
3 70
68 77
35 92
21 32
29 63
66 72
43 46
52 73
13 91
12 17
29 33
45 67
10 54
7 16
26 32
23 56
93 107
60 87 20 68 56 87 61 76 53 69 18 33 73 39 6 1 69 10 72 37 19 81 29 48 11 50 12 90 29 11 55 37 26 85 65 71 61 20 33 9 92 45 40 10 91 24 36 62 33 12 20 85 86 57 92 79 57 81 27 31 33 31 18 89 36 78 70 31 10 90 4 49 53 38 14 91 41 65 85 76 70 68 4 59 91 66 91 11 17 53 72 86 20
14 63
14 64
14 29
54 63
7 64
53 63
34 64
63 89
29 73
29 62
25 54
63 91
37 89
8 73
46 73
37 77
73 86
14 17
3 73
20 29
17 82
49 64
16 25
34 70
39 64
33 63
28 82
31 73
63 87
14 30
25 65
69 86
12 39
30 56
50 89
1 28
43 89
10 77
66 89
14 19
64 76
20 35
34 74
7 41
27 46
53 79
59 89
34 48
17 72
40 53
24 77
17 44
2 39
26 27
24 88
24 51
48 83
47 77
4 46
16 45
19 80
38 77
39 93
13 73
2 21
5 83
19 71
74 85
30 81
57 59
3 60
26 55
40 52
10 42
6 43
16 36
26 61
11 72
47 58
23 48
35 92
12 15
67 89
19 32
22 56
18 20
82 84
65 75
7 68
9 17
54 78
62 90
43 46
54 79
48 72
32 71
29 35
36 54
39 68
4 55
51 57
29 90
8 69
38 58
9 84
13 60
70 74
100 110
44 2 22 3 4 9 64 35 27 85 48 54 15 39 14 58 78 23 25 65 69 42 27 35 57 48 56 67 42 57 4 73 18 55 66 53 47 80 44 30 99 93 75 17 64 82 92 15 48 59 66 70 5 37 65 47 73 6 27 91 7 48 58 70 31 48 71 50 58 92 40 21 42 77 47 82 57 56 22 60 38 90 24 13 0 95 8 49 42 8 63 50 98 83 33 96 79 19 58 21
11 41
11 99
61 99
11 67
37 67
11 36
36 98
37 53
39 53
97 98
67 83
39 93
82 83
6 37
78 99
11 47
20 67
39 86
52 82
49 53
52 59
14 93
50 97
6 69
38 98
78 88
60 82
51 98
24 98
29 88
31 83
14 17
37 100
6 90
52 85
8 97
31 46
76 90
66 98
90 95
34 88
19 90
8 26
25 85
13 61
2 50
38 43
43 73
79 82
24 72
11 28
12 67
20 32
45 52
80 88
34 48
20 23
66 77
67 84
30 86
72 75
57 78
51 55
9 12
46 56
70 97
4 13
55 92
50 89
14 68
7 66
43 74
22 73
35 37
10 37
20 21
11 62
65 67
87 95
85 96
11 54
3 83
25 71
59 64
18 51
94 98
42 83
19 27
39 81
1 82
8 63
5 99
16 67
21 58
8 44
15 35
4 40
24 33
30 91
12 24
50 77
25 60
19 21
18 73
17 81
3 84
86 100
4 54
41 47
51 92
87 98
18 18 55 26 49 66 23 17 59 55 69 73 25 52 43 62 37 2 69 11 70 58 43 76 14 14 5 24 10 49 72 64 54 86 86 27 65 10 51 58 35 81 78 62 32 22 13 52 55 63 13 80 4 31 32 32 44 74 62 1 42 20 76 15 46 46 83 31 79 54 77 84 61 25 69 34 79 25 20 6 37 0 12 36 84 59 60
51 59
55 59
22 51
27 51
27 80
16 80
51 60
27 37
18 80
80 84
18 79
20 55
37 50
13 18
4 13
58 59
55 71
4 61
4 86
27 73
46 60
1 61
75 86
66 73
27 44
61 67
49 50
50 82
16 38
49 68
60 72
17 82
2 4
17 26
45 68
11 79
5 68
11 43
42 46
9 75
9 33
6 38
22 69
71 74
78 79
16 19
16 48
25 33
51 53
40 84
26 54
54 62
25 76
18 23
10 43
11 15
47 51
17 57
21 50
56 79
34 42
23 64
8 34
24 59
4 12
35 67
51 81
17 29
7 64
53 83
36 48
3 12
17 77
12 52
32 67
3 28
6 31
5 39
3 70
30 86
31 63
54 87
3 85
14 37
41 83
27 65
57 75
7 11
28 32
41 53
19 31
60 81
20 58
39 68
44 65
59 73
26 77
45 50
94 100
23 31 40 57 70 66 79 12 48 86 27 2 81 2 47 64 33 2 65 88 84 36 21 86 28 20 16 46 86 88 55 24 85 23 6 3 39 63 17 22 64 12 62 73 72 25 47 20 55 37 34 24 22 36 85 4 3 75 91 56 51 16 65 46 54 18 93 57 5 11 11 45 2 79 93 64 39 23 61 14 17 91 6 48 86 52 9 68 18 61 30 58 20 78
38 76
63 76
26 38
6 76
76 90
6 20
14 63
90 92
6 79
26 41
54 90
12 41
33 38
35 54
22 35
9 76
63 81
6 55
33 83
69 79
34 41
38 91
6 78
79 85
66 90
39 69
29 79
12 65
87 90
1 54
14 45
45 72
31 72
37 72
22 53
44 69
40 92
73 90
47 55
40 70
22 56
34 75
26 51
2 20
28 63
17 40
37 60
42 53
20 57
34 80
28 89
28 52
13 26
90 94
11 35
19 40
63 86
18 89
14 32
12 68
41 74
49 76
23 70
53 59
53 77
77 88
2 48
58 69
4 49
38 67
29 84
10 39
28 46
11 21
24 77
27 45
7 89
5 90
15 37
9 16
36 79
3 16
22 25
6 71
31 50
14 30
40 62
46 93
8 54
44 82
43 89
17 61
51 64
11 73
3 82
64 68
61 83
22 59
66 94
75 80
100 105
65 87 56 23 97 93 49 19 38 14 5 15 87 67 45 34 36 88 23 92 61 62 37 25 7 26 39 87 0 87 64 69 81 74 35 74 45 27 71 59 34 80 33 15 12 5 78 63 15 3 92 76 73 83 51 57 24 51 2 33 85 93 80 47 45 50 96 56 83 92 65 66 46 48 60 70 25 58 5 55 21 42 53 5 90 10 97 23 97 47 31 24 39 65 38 97 97 87 82 29
20 57
57 90
56 90
45 90
25 45
50 90
10 90
50 60
36 50
2 20
20 100
50 97
4 20
4 92
53 60
10 58
9 90
57 82
25 54
25 91
22 97
7 60
10 38
50 80
27 80
24 50
14 58
72 97
4 6
52 80
48 100
48 87
34 53
53 59
52 65
41 72
60 79
15 97
23 80
25 84
19 57
45 96
7 51
91 98
16 54
11 65
39 57
43 48
78 92
52 81
2 93
52 61
12 84
7 89
71 84
29 79
16 17
41 70
5 51
51 63
37 71
50 86
14 30
55 82
19 46
41 68
79 95
1 48
8 80
70 85
26 91
41 47
21 55
29 99
80 88
2 32
64 68
42 56
13 95
36 74
66 70
41 94
18 42
33 51
32 40
28 41
11 83
62 68
31 78
21 69
49 64
76 81
42 75
73 91
77 80
67 83
44 88
3 100
29 35
26 90
21 51
85 97
54 71
22 65
47 62
86 90
85 66 5 38 71 30 29 30 26 63 33 72 5 66 83 72 29 7 61 49 45 71 79 7 24 38 50 16 63 44 32 8 31 14 6 2 41 31 69 62 34 20 79 55 61 9 49 4 32 3 14 53 31 1 16 1 11 78 34 52 25 14 1 35 3 44 50 62 26 37 56 16 69 85 33 20 19 28 68 3 31 85 11 48 85 59
33 84
15 84
18 33
61 84
15 50
18 44
65 84
15 68
11 68
7 33
7 39
60 65
10 65
25 39
18 53
10 59
15 45
2 15
45 62
10 24
11 85
39 67
78 85
2 22
69 85
18 79
56 65
79 86
28 62
13 69
23 65
34 62
12 18
62 73
15 64
12 72
10 70
3 68
5 34
49 78
10 54
4 12
37 62
10 35
25 55
77 78
24 82
25 76
11 26
13 36
3 14
33 80
8 10
57 72
43 62
63 76
10 21
40 69
9 26
28 74
12 30
11 81
41 78
27 70
1 28
52 78
19 84
15 71
51 71
4 47
29 52
73 83
17 76
6 24
7 66
33 38
16 85
5 58
43 75
42 47
48 77
20 65
38 46
28 32
31 67
26 82
35 59
7 25
8 21
2 37
95 102
29 92 80 30 75 21 63 87 62 32 28 7 58 27 92 53 55 31 57 1 8 77 1 46 56 71 0 3 13 71 87 19 37 74 81 60 89 72 70 28 63 67 65 91 33 22 56 85 81 49 77 12 56 91 29 37 8 27 59 87 83 67 66 51 4 40 25 71 10 57 30 79 4 61 1 92 68 28 81 19 2 84 15 42 42 91 4 2 71 82 45 45 28 11 13
65 78
78 79
42 79
19 65
52 78
63 79
32 42
3 65
14 42
3 50
50 70
32 88
21 32
3 64
26 79
50 84
21 29
9 65
25 29
44 64
29 71
18 78
42 45
1 25
52 61
9 37
29 55
32 56
46 63
58 78
41 71
18 53
37 74
83 88
49 79
17 56
34 50
16 32
16 27
12 16
33 79
1 11
21 67
42 81
52 68
27 92
21 82
14 40
1 30
56 85
48 58
5 74
13 68
62 63
26 73
72 79
34 69
51 73
44 87
10 42
48 54
6 65
55 76
19 57
73 77
76 89
28 37
6 90
23 58
21 38
4 53
74 91
16 36
15 28
21 86
72 95
47 71
2 5
39 54
35 85
8 86
59 78
65 94
31 69
14 22
75 84
20 21
17 93
7 51
34 80
33 60
24 80
1 43
66 73
25 34
14 45
26 95
35 83
60 79
41 76
9 15
62 79
89 100
50 14 31 28 19 52 39 83 70 9 3 67 87 23 47 22 88 74 82 8 84 32 86 38 66 32 48 68 7 9 10 72 74 80 50 82 9 16 60 11 34 76 23 66 76 69 46 12 70 26 20 88 33 10 72 37 50 6 34 44 76 48 38 15 79 41 36 66 35 24 72 8 88 30 27 54 47 46 81 29 34 87 40 85 55 36 60 39 81
11 50
11 26
8 26
8 40
26 60
4 40
11 49
4 84
11 68
16 50
11 33
49 66
26 87
11 70
65 68
56 84
27 70
27 82
73 87
11 38
37 82
50 81
73 77
60 67
11 48
33 83
11 78
16 71
58 84
35 37
22 38
23 56
16 74
10 67
60 79
26 54
10 72
12 60
70 75
30 82
32 84
31 49
12 45
13 30
23 62
20 50
56 61
20 69
17 30
3 60
15 81
17 59
29 65
79 88
24 29
21 29
42 61
28 62
6 70
76 79
80 81
6 44
47 88
29 46
38 55
64 68
36 49
29 85
14 15
56 89
25 74
39 55
2 31
53 68
24 51
9 38
33 41
10 34
26 52
36 63
69 86
5 72
1 30
19 64
43 50
7 33
18 88
48 57
5 35
9 43
53 64
7 36
54 56
50 69
23 42
14 50
21 51
46 65
18 45
52 73
87 100
30 56 43 2 54 38 55 58 1 31 40 61 37 68 36 79 16 59 80 37 36 40 10 19 50 81 66 22 57 61 35 66 84 51 40 16 54 82 80 2 10 73 61 41 65 52 82 48 49 4 55 27 14 50 53 4 54 75 49 72 26 59 63 60 28 30 31 27 71 65 13 81 48 67 25 80 27 62 56 35 10 19 43 43 27 31 41
15 82
15 81
77 82
37 81
37 39
65 82
69 77
26 82
33 69
39 78
45 77
17 77
39 72
28 37
11 26
19 26
29 65
45 84
19 36
77 86
16 19
8 26
28 47
25 82
57 77
28 56
26 38
8 64
21 69
51 65
63 72
71 72
42 71
11 87
18 86
21 50
27 33
28 74
27 68
15 22
26 66
26 59
2 45
9 45
73 87
12 68
37 61
52 81
25 83
24 65
32 66
63 80
70 81
23 61
41 61
25 44
25 75
52 55
17 34
3 21
6 47
53 86
12 30
14 86
31 38
13 42
37 40
10 38
40 79
38 49
24 54
58 84
5 8
51 76
61 85
26 35
4 73
50 62
55 67
7 38
46 73
34 43
49 60
20 54
1 53
48 68
6 8
7 32
19 87
21 44
55 70
14 84
41 42
34 77
65 76
12 48
27 69
16 36
10 31
54 82
86 98
16 49 25 29 67 1 59 29 38 51 60 60 49 23 15 23 63 15 34 63 38 28 82 57 39 23 82 5 78 70 12 31 29 66 65 24 6 20 11 69 52 80 46 35 14 54 55 3 25 61 54 71 29 21 66 16 6 25 11 77 75 24 59 46 20 50 71 1 44 62 26 20 5 71 79 24 27 19 51 34 41 23 49 67 60 85
1 51
51 53
53 60
60 61
49 53
1 23
28 61
5 23
9 23
51 57
5 42
61 73
12 60
10 60
23 67
23 54
11 53
23 82
16 28
47 73
16 58
53 71
57 65
12 80
9 17
18 60
5 83
53 69
17 36
1 84
57 63
12 52
52 86
52 62
41 80
6 49
49 68
13 53
71 78
28 75
4 67
3 83
11 55
10 59
71 79
12 40
81 83
24 49
6 70
40 56
33 42
37 52
40 46
34 36
8 75
6 20
41 74
64 67
31 49
29 75
32 75
25 57
36 38
8 44
28 45
10 66
75 77
50 75
21 71
5 39
14 17
52 85
3 43
26 77
22 63
30 46
8 48
3 35
7 62
27 40
60 76
19 51
31 72
2 53
15 30
36 45
12 76
27 74
13 71
11 70
35 43
28 50
67 83
24 68
39 42
51 63
12 85
26 44
98 109
25 24 83 69 69 75 36 58 44 15 21 19 11 30 82 80 79 77 13 47 45 25 96 80 81 49 50 52 90 90 65 12 62 1 21 59 63 13 21 43 88 43 51 15 35 93 85 13 59 1 82 61 75 77 35 93 58 29 81 45 75 26 92 72 88 95 75 6 46 48 67 19 97 25 23 85 2 92 3 72 72 74 14 47 29 93 75 41 19 0 4 84 31 72 22 87 27 47
44 60
44 45
60 80
34 45
9 44
34 94
9 26
51 60
44 62
9 23
26 38
23 76
26 49
80 98
34 73
51 87
14 98
1 98
36 60
1 66
14 55
52 66
23 72
35 76
1 53
26 75
75 90
28 36
52 97
18 60
51 78
53 86
34 92
38 61
9 42
36 82
24 61
19 44
35 65
46 62
47 82
26 50
30 53
24 88
26 81
75 89
38 39
1 95
49 64
43 64
82 85
23 91
27 78
13 91
74 80
52 54
93 95
16 30
50 79
18 22
27 69
7 89
14 63
1 11
35 57
15 81
39 68
17 27
28 67
5 11
12 15
18 40
32 67
17 29
41 49
9 58
2 91
44 59
62 70
48 97
25 48
56 88
10 18
33 91
21 91
3 26
20 95
4 62
88 96
6 68
2 71
74 83
45 77
37 90
6 31
39 84
8 52
69 86
13 82
15 75
46 70
6 38
21 71
42 88
59 62
34 44
1 93
27 29
25 54
95 101
41 29 30 34 46 60 84 74 89 35 62 54 93 68 42 39 54 62 30 66 54 28 58 30 65 72 26 24 64 22 31 18 65 80 25 38 61 44 57 66 33 70 14 27 51 63 57 56 82 72 40 52 90 53 20 90 64 90 10 71 43 66 73 42 17 91 94 93 94 85 18 69 21 45 7 47 94 17 36 73 38 19 42 35 33 27 93 39 20 38 36 25 18 72 35
10 15
10 29
15 20
20 63
8 15
34 63
15 70
20 36
15 59
27 59
59 90
15 47
29 86
35 63
14 20
29 49
34 62
26 27
56 70
41 47
36 45
33 56
9 41
14 42
59 82
33 78
7 47
12 42
42 80
45 51
36 46
70 79
37 78
50 59
15 73
1 62
61 79
19 78
85 86
27 55
48 63
66 79
39 56
17 62
63 65
28 35
10 40
40 75
44 65
8 77
7 57
37 71
23 86
13 70
16 59
69 80
19 25
14 92
10 24
1 67
23 43
58 75
4 78
67 88
41 95
30 63
26 53
68 69
10 60
41 74
10 91
45 94
18 65
21 65
48 83
46 72
54 79
2 61
5 90
2 31
6 23
6 89
14 81
81 93
53 64
80 84
3 80
32 43
22 25
11 81
28 38
56 76
87 95
40 52
3 54
5 53
8 74
49 75
1 46
18 38
1 88
97 111
57 24 84 15 81 24 39 42 9 68 11 28 3 40 93 91 51 18 91 70 30 55 28 15 52 4 26 76 80 24 76 76 43 31 11 21 72 44 50 45 5 15 50 20 55 92 3 94 0 43 67 18 2 87 16 17 68 87 8 52 53 69 96 87 80 32 55 0 26 35 73 48 32 30 73 96 58 83 91 28 8 10 22 65 37 10 32 80 4 88 96 80 58 10 19 93 0
16 50
16 88
26 88
50 83
73 88
38 88
88 92
67 92
1 92
67 90
16 25
73 91
69 90
43 88
62 88
64 91
9 83
83 93
25 97
16 23
76 92
5 50
48 93
16 57
74 91
1 61
64 94
77 91
64 72
14 92
5 15
12 62
49 64
65 90
25 37
52 77
14 85
30 88
60 64
45 50
15 71
25 33
68 85
25 36
47 88
27 68
26 39
36 82
70 85
12 54
26 78
74 89
23 84
41 73
67 81
5 80
15 75
28 62
77 87
53 74
17 94
22 50
10 97
36 51
56 93
40 91
52 59
63 69
4 23
16 20
21 43
25 96
16 42
66 80
18 36
19 40
44 56
7 83
2 14
18 95
23 86
11 59
29 92
34 51
35 95
58 91
8 74
32 56
31 32
13 60
6 11
19 55
46 95
24 59
48 79
3 25
35 75
52 57
39 68
8 17
37 97
50 93
13 49
61 92
31 44
38 43
84 86
19 91
28 30
69 81
6 52
90 89
53 40 52 63 12 15 2 54 67 36 80 50 8 68 24 47 57 23 34 36 55 44 31 37 87 5 87 81 5 41 54 69 17 46 86 59 8 75 63 73 3 86 81 0 19 20 73 89 44 46 55 56 69 27 80 18 36 65 18 0 54 66 84 83 54 28 13 60 15 42 36 5 55 39 42 18 31 26 58 64 83 6 85 17 61 64 38 61 73 79
54 90
18 90
18 42
41 54
30 42
7 30
11 54
54 65
48 54
10 42
30 85
8 11
28 48
65 77
65 76
42 71
7 69
20 48
17 76
8 89
9 10
77 80
17 21
1 69
34 85
8 63
22 65
18 26
29 48
54 67
1 51
18 50
26 68
11 72
26 52
43 85
30 60
22 45
32 77
33 41
9 61
33 74
15 68
64 89
4 80
40 85
3 51
34 86
42 66
15 57
24 76
25 52
11 23
19 20
87 90
27 63
17 36
5 50
5 70
1 59
35 51
56 63
43 84
41 49
34 46
54 62
68 79
14 84
8 39
2 61
12 41
47 89
31 33
83 90
17 38
27 53
16 35
28 75
2 6
13 32
77 81
72 82
45 73
11 88
44 48
14 37
49 55
32 58
20 78
88 87
33 17 3 1 60 73 51 87 27 74 30 39 13 23 29 29 12 87 85 81 82 30 72 35 13 32 17 35 59 85 14 18 49 1 79 17 68 52 40 54 61 29 9 4 1 44 9 78 53 4 39 66 41 9 78 72 73 30 36 26 73 30 73 45 58 85 31 55 81 8 87 49 47 46 39 81 52 62 76 80 77 62 25 42 84 47 77 25
44 50
44 49
49 54
21 50
4 54
4 71
43 54
46 50
18 71
18 82
9 49
53 82
38 44
9 58
34 54
31 58
38 77
21 80
25 50
71 83
33 43
46 78
9 24
3 50
16 21
12 25
25 32
16 48
49 68
38 55
58 64
39 77
24 30
2 80
43 52
8 49
25 37
51 77
42 54
6 18
17 77
13 52
78 88
29 30
1 80
30 75
7 46
37 56
14 52
58 79
13 69
43 76
2 27
42 86
12 60
38 57
14 84
16 87
30 40
9 74
47 87
20 74
38 66
1 11
19 48
27 61
20 45
45 85
42 62
22 60
59 71
55 65
70 84
28 87
54 81
71 72
9 41
10 28
35 41
5 21
26 40
37 63
56 67
36 78
15 75
23 44
38 73
83 82
74 69 52 41 63 1 65 34 70 16 29 76 82 9 9 36 27 64 19 41 13 80 14 13 82 15 19 9 36 50 17 59 79 32 53 69 33 34 28 24 80 17 17 18 82 63 60 63 53 42 49 66 46 36 8 53 67 31 50 80 79 72 81 27 73 81 72 9 60 18 31 57 22 23 9 12 23 18 10 77 75 44 78
13 67
28 67
13 42
6 13
6 24
42 64
28 78
6 62
24 77
4 64
29 42
55 77
4 15
15 60
60 72
10 78
61 64
64 71
15 37
36 78
14 62
38 78
3 78
66 72
38 70
19 66
8 78
26 60
42 80
46 77
1 42
3 22
20 26
59 62
39 46
60 79
23 61
60 75
29 43
4 81
45 71
43 63
18 45
50 63
3 41
60 69
17 62
51 77
2 26
34 42
32 62
13 25
50 56
44 46
40 42
24 58
27 42
30 58
40 52
47 60
5 52
27 53
20 82
9 61
12 53
21 37
26 83
12 65
54 81
41 73
62 74
16 30
49 53
75 76
33 77
7 30
31 42
48 56
68 82
11 61
35 79
40 57
84 83
27 56 72 68 24 57 12 73 61 5 55 27 80 22 32 15 25 32 72 41 13 56 50 46 20 38 44 59 31 39 50 55 19 59 21 57 5 24 60 27 75 9 10 29 18 8 83 4 68 33 52 33 31 73 31 18 7 53 64 64 18 46 9 17 42 1 6 72 66 22 7 25 21 7 70 50 15 75 19 33 11 16 23 28
45 70
70 76
55 70
23 76
13 76
2 76
1 45
51 55
1 81
1 10
1 18
36 55
30 51
5 81
8 45
51 79
7 81
36 63
13 31
30 78
8 14
36 59
28 78
5 46
23 39
13 80
3 7
61 79
70 72
52 59
43 78
3 25
39 48
44 46
7 11
71 79
24 36
33 61
4 43
52 64
28 66
61 73
21 25
6 46
9 70
37 79
18 84
34 43
27 66
18 49
6 35
1 17
42 84
82 84
13 83
5 12
4 29
56 64
53 76
68 71
20 27
11 40
65 68
50 64
9 62
14 22
19 81
47 53
32 79
1 41
45 54
16 56
10 57
2 77
24 38
24 74
26 43
18 58
26 67
65 69
52 60
44 75
15 33
98 97
47 88 31 16 0 6 16 22 5 95 24 85 25 52 68 31 76 52 66 23 50 37 48 71 80 1 53 31 80 52 64 74 6 92 40 73 25 64 51 7 19 9 30 73 18 27 92 0 60 19 89 34 32 57 85 4 14 18 97 58 57 68 23 30 55 3 27 79 75 51 12 14 89 16 45 94 6 18 30 70 68 36 67 5 34 1 9 69 78 37 25 61 31 10 37 10 29 87
24 92
59 92
7 24
92 94
7 86
20 59
7 98
20 68
37 92
37 93
55 86
97 98
16 37
59 73
53 59
24 64
53 56
56 89
76 93
21 98
23 55
16 46
7 40
56 88
2 55
14 86
18 92
18 63
41 89
39 76
13 53
37 52
24 43
32 37
13 66
4 89
48 88
9 46
63 70
43 54
28 93
37 83
14 57
9 17
9 29
4 69
89 95
22 64
11 73
13 27
76 85
15 73
8 40
91 95
34 95
70 87
37 71
41 58
18 60
34 74
16 30
8 61
6 59
15 62
72 83
16 65
26 88
7 67
62 75
44 98
63 79
19 67
68 81
1 62
39 47
36 40
81 84
3 7
33 91
11 35
63 77
3 50
24 78
52 96
33 82
38 72
68 90
22 31
12 29
51 52
32 42
7 80
11 25
39 45
49 64
10 73
5 73
94 94
77 7 11 27 8 22 16 10 83 47 48 15 7 52 27 4 55 66 25 73 59 27 27 48 13 29 29 87 56 20 60 16 83 70 82 50 0 25 53 25 73 79 86 13 69 17 73 54 83 3 74 62 13 72 54 26 50 16 16 5 38 65 19 2 35 73 38 12 64 77 53 89 17 2 4 33 13 16 23 78 51 10 81 76 69 37 75 23 29 33 91 12 80 74
44 59
44 76
3 76
3 39
39 92
79 92
36 79
36 53
53 82
75 82
17 75
17 62
62 91
67 91
60 67
43 60
20 43
20 77
45 77
45 81
81 83
30 83
19 30
18 19
18 72
64 72
50 64
50 73
73 80
42 80
42 84
69 84
10 69
8 10
8 32
32 55
55 63
54 63
54 71
41 71
9 41
4 9
4 28
15 28
5 15
5 70
70 94
58 94
58 89
7 89
7 48
40 48
40 90
27 90
27 56
31 56
31 61
57 61
25 57
25 74
74 87
13 87
13 22
22 88
65 88
11 65
6 11
6 12
12 66
66 93
52 93
34 52
1 34
1 49
26 49
26 51
51 68
35 68
35 47
47 78
23 78
23 29
29 33
33 46
14 46
14 85
21 85
2 21
2 86
16 86
16 37
37 38
24 38
24 59
88 88
2 87 71 60 24 58 81 6 20 15 10 36 44 33 14 57 17 15 63 45 68 38 72 76 43 11 32 10 3 80 32 45 29 44 1 17 67 42 8 33 17 35 2 15 48 38 50 68 71 72 25 4 77 72 76 68 32 6 13 10 35 45 51 83 11 15 6 21 27 47 67 53 26 36 16 57 18 26 51 64 18 74 56 32 13 78 69 29
59 87
59 82
43 82
35 43
29 35
29 84
17 84
17 20
20 31
1 31
1 22
22 41
41 63
25 63
25 57
55 57
33 55
19 33
19 40
40 56
45 56
10 45
10 78
67 78
13 67
13 16
16 26
26 85
6 85
6 24
24 62
44 62
44 65
65 69
46 69
38 46
3 38
3 64
27 64
27 28
28 76
9 76
9 53
37 53
5 37
5 42
15 42
8 15
8 11
11 34
7 34
7 32
32 58
30 58
30 36
36 47
47 66
48 66
18 48
18 54
54 71
68 71
50 68
50 60
60 88
14 88
14 23
23 80
21 80
21 72
72 75
51 75
2 51
2 52
4 52
4 79
73 79
12 73
12 83
70 83
70 81
81 86
49 86
39 49
39 61
61 74
74 77
77 87
98 98
44 7 31 82 4 47 34 45 81 62 12 40 76 88 11 11 23 55 50 81 92 14 51 86 84 75 31 91 16 85 31 35 91 62 45 72 36 7 36 81 68 60 63 87 91 60 77 91 21 23 36 24 56 37 42 54 92 81 34 38 14 84 58 63 8 64 10 36 15 50 13 22 86 70 97 34 15 42 82 30 59 5 49 44 90 80 10 2 34 68 78 56 42 81 96 71 76 4
76 80
4 80
4 67
37 67
37 92
39 92
39 61
8 61
8 69
12 69
12 66
56 66
56 85
49 85
26 49
26 75
20 75
20 82
82 96
32 96
32 83
53 83
42 53
42 86
60 86
9 60
9 46
24 46
24 54
54 65
51 65
50 51
11 50
11 44
21 44
6 21
6 29
17 29
17 88
74 88
35 74
35 43
10 43
10 64
23 64
23 73
22 73
2 22
2 52
52 55
16 55
16 62
28 62
7 28
7 95
81 95
45 81
45 90
33 90
18 33
18 57
57 84
68 84
31 68
31 98
34 98
25 34
25 48
36 48
36 59
59 79
1 79
1 91
41 91
41 72
38 72
3 38
3 15
15 19
19 30
30 94
89 94
77 89
77 93
27 93
27 63
63 87
78 87
40 78
40 70
47 70
5 47
5 58
13 58
13 14
14 71
71 97
76 97
95 121
39 66 58 80 65 77 19 56 23 24 81 91 59 62 65 13 17 59 17 16 4 69 82 73 23 50 28 71 9 9 67 25 39 18 82 24 13 0 88 4 42 0 46 3 42 39 3 63 1 30 43 34 29 44 34 93 15 18 36 3 29 9 68 71 7 32 51 56 7 69 1 91 11 1 12 10 17 89 55 52 24 5 27 43 45 28 38 75 68 86 86 25 65 14 5
1 2
2 3
3 4
1 4
4 5
5 6
6 7
7 8
4 8
8 9
9 10
8 10
10 11
11 12
12 13
10 13
13 14
14 15
13 15
15 16
16 17
17 18
15 18
18 19
19 20
20 21
21 22
22 23
18 23
23 24
24 25
25 26
26 27
27 28
23 28
28 29
29 30
30 31
31 32
32 33
28 33
33 34
34 35
35 36
33 36
36 37
37 38
38 39
39 40
40 41
36 41
41 42
42 43
41 43
43 44
44 45
45 46
46 47
47 48
43 48
48 49
49 50
50 51
48 51
51 52
52 53
51 53
53 54
54 55
55 56
56 57
53 57
57 58
58 59
57 59
59 60
60 61
59 61
61 62
62 63
61 63
63 64
64 65
63 65
65 66
66 67
65 67
67 68
68 69
69 70
70 71
67 71
71 72
72 73
73 74
74 75
75 76
71 76
76 77
77 78
78 79
79 80
80 81
76 81
81 82
82 83
83 84
84 85
85 86
81 86
86 87
87 88
88 89
89 90
90 91
86 91
91 92
92 93
93 94
94 95
91 95
85 107
45 72 45 14 49 62 63 32 41 52 62 51 10 45 79 55 8 40 16 31 13 7 3 28 34 36 70 41 56 30 1 36 78 47 79 56 65 24 54 65 8 48 72 42 57 15 80 25 20 55 52 38 16 35 53 19 11 42 62 47 66 43 57 81 5 75 84 4 21 43 74 65 50 29 27 69 76 47 42 39 61 23 64 41 29
1 2
2 3
1 3
3 4
4 5
5 6
6 7
7 8
3 8
8 9
9 10
10 11
8 11
11 12
12 13
13 14
11 14
14 15
15 16
16 17
14 17
17 18
18 19
19 20
20 21
17 21
21 22
22 23
23 24
24 25
21 25
25 26
26 27
25 27
27 28
28 29
29 30
27 30
30 31
31 32
32 33
33 34
34 35
30 35
35 36
36 37
37 38
38 39
35 39
39 40
40 41
41 42
42 43
39 43
43 44
44 45
45 46
46 47
47 48
43 48
48 49
49 50
50 51
48 51
51 52
52 53
53 54
54 55
55 56
51 56
56 57
57 58
58 59
59 60
60 61
56 61
61 62
62 63
61 63
63 64
64 65
65 66
63 66
66 67
67 68
68 69
66 69
69 70
70 71
69 71
71 72
72 73
73 74
74 75
71 75
75 76
76 77
77 78
78 79
79 80
75 80
80 81
81 82
82 83
83 84
84 85
80 85
100 127
30 22 75 19 46 15 75 34 63 16 13 61 82 48 98 13 71 36 96 21 77 4 76 81 77 40 61 91 72 0 81 71 91 61 17 79 31 59 74 74 59 62 22 97 67 75 92 59 22 67 24 67 83 68 92 21 71 81 61 62 3 9 48 64 27 81 3 82 30 36 6 17 6 97 70 54 90 44 95 76 8 69 91 71 98 64 95 82 99 88 25 58 18 11 60 25 10 17 38 67
1 2
2 3
1 3
3 4
4 5
5 6
6 7
3 7
7 8
8 9
9 10
10 11
7 11
11 12
12 13
13 14
11 14
14 15
15 16
16 17
14 17
17 18
18 19
19 20
20 21
17 21
21 22
22 23
23 24
24 25
25 26
21 26
26 27
27 28
28 29
29 30
26 30
30 31
31 32
30 32
32 33
33 34
32 34
34 35
35 36
36 37
34 37
37 38
38 39
37 39
39 40
40 41
41 42
42 43
39 43
43 44
44 45
45 46
43 46
46 47
47 48
46 48
48 49
49 50
50 51
51 52
52 53
48 53
53 54
54 55
55 56
56 57
53 57
57 58
58 59
59 60
57 60
60 61
61 62
62 63
60 63
63 64
64 65
65 66
66 67
67 68
63 68
68 69
69 70
70 71
71 72
72 73
68 73
73 74
74 75
73 75
75 76
76 77
77 78
78 79
79 80
75 80
80 81
81 82
82 83
83 84
84 85
80 85
85 86
86 87
87 88
85 88
88 89
89 90
88 90
90 91
91 92
92 93
93 94
94 95
90 95
95 96
96 97
97 98
98 99
99 100
95 100
88 112
14 26 9 22 80 6 78 61 62 62 12 82 11 22 60 8 78 14 66 78 46 9 23 18 30 37 15 87 0 74 60 75 49 53 2 71 84 3 20 26 21 6 72 7 4 38 64 82 8 48 46 7 56 3 80 71 29 65 16 69 65 45 71 80 52 8 55 71 44 85 17 24 48 83 17 18 28 81 13 83 85 85 53 2 42 64 59 60
1 2
2 3
3 4
1 4
4 5
5 6
6 7
7 8
8 9
4 9
9 10
10 11
11 12
12 13
13 14
9 14
14 15
15 16
16 17
14 17
17 18
18 19
19 20
20 21
21 22
17 22
22 23
23 24
24 25
22 25
25 26
26 27
25 27
27 28
28 29
29 30
30 31
27 31
31 32
32 33
31 33
33 34
34 35
33 35
35 36
36 37
35 37
37 38
38 39
39 40
37 40
40 41
41 42
40 42
42 43
43 44
44 45
45 46
42 46
46 47
47 48
46 48
48 49
49 50
50 51
51 52
48 52
52 53
53 54
54 55
55 56
52 56
56 57
57 58
58 59
59 60
60 61
56 61
61 62
62 63
63 64
64 65
65 66
61 66
66 67
67 68
68 69
66 69
69 70
70 71
71 72
72 73
73 74
69 74
74 75
75 76
74 76
76 77
77 78
76 78
78 79
79 80
80 81
81 82
82 83
78 83
83 84
84 85
85 86
86 87
87 88
83 88
88 112
0 21 20 27 85 41 7 49 58 86 0 54 83 31 56 53 80 2 15 72 37 40 65 11 77 21 36 1 50 67 51 7 68 40 62 17 42 20 70 75 30 30 87 33 28 71 15 74 17 16 40 10 48 26 85 26 34 28 30 25 16 5 66 49 86 52 35 15 14 44 76 50 55 34 67 79 67 31 34 59 26 58 47 13 4 73 57 65
1 2
2 3
3 4
4 5
5 6
1 6
6 7
7 8
8 9
9 10
6 10
10 11
11 12
12 13
13 14
10 14
14 15
15 16
16 17
14 17
17 18
18 19
17 19
19 20
20 21
21 22
19 22
22 23
23 24
24 25
25 26
22 26
26 27
27 28
28 29
26 29
29 30
30 31
31 32
32 33
29 33
33 34
34 35
35 36
36 37
33 37
37 38
38 39
39 40
37 40
40 41
41 42
40 42
42 43
43 44
44 45
45 46
42 46
46 47
47 48
48 49
49 50
50 51
46 51
51 52
52 53
53 54
51 54
54 55
55 56
56 57
54 57
57 58
58 59
59 60
60 61
61 62
57 62
62 63
63 64
64 65
65 66
62 66
66 67
67 68
68 69
69 70
70 71
66 71
71 72
72 73
73 74
71 74
74 75
75 76
76 77
77 78
78 79
74 79
79 80
80 81
79 81
81 82
82 83
83 84
81 84
84 85
85 86
84 86
86 87
87 88
86 88
5 4
0 0 0 0 0
1 2
2 3
3 4
4 5
5 5
0 1 2 3 4
1 2
2 3
3 4
4 5
5 1
